196718121107730432
196705648212328450
196699270752124929
196692965605900288
196688367725969408
196687807408906240
196672954573139970
196866744432869376
196866272829521921
197022132247601152
197019598179143680
197018876578504705
197018460973314048
197018097721421825
197017949519888384
197015974107549696
197258889157296129
197258199508860928
197257832595337216
197256402388008960
197251431739293696
197247824344252417
197247615224643586
197247527353974784
197246989434499072
197246491297988609
197220626472251392
200558686152835073
200613964328079361
200550254754545665
200642847517577216
200642836171988992
199429028954906624
200868563463061505
197762062439555072
197761497974325248
197760255034269696
197759822299533312
197759778246770689
197759696793378817
197759397408161792
197758976929177600
197758872964960257
197758602147135489
197758596312858624
197758263469678594
197757737617203202
197757651269062656
197756375911235585
197753814382673920
197753675303747584
197753372898623488
197750665286660097
197749737254957059
197748537923076096
197745650983645184
197745259181125632
197745254374440961
197742047170531328
197742002111127552
197741033801531392
197740976377315328
197740945456889856
197740889077067777
197740451585982464
197733005391970305
197732911364059137
197731922183585792
197731204244574208
197727614725664769
197727106480877568
197723074827780096
197722607271952387
197722589261611008
197722192325255168
197722124859875328
197721847331168256
197721699364519936
197720137007235074
197719957000302593
197800104093155328
197798816295026689
197794017273053184
197791174797443072
197790524181200896
197783449816412161
197782849875738624
197778964402540544
197774949954498561
197773352209879040
197772458097512448
198000376178421760
197999909499179008
197999614874488836
197999586734915584
197999120831623168
197998895459078144
197998304083193856
197998034221674498
197997700376035328
197997581597540353
197997249345753088
197996610851057664
197989063951790081
197988233169223680
197984231710928896
197975237747408896
197955980087148545
197954707820527618
197954509513818112
197943402027945984
197942987894947841
197937690312847360
197933280358694912
197900650447781888
197867419103010817
197867299733127169
197800153413984256
197800117980508160
198396988247638016
198359008933978112
198358991263379456
198302525521268736
198296404077199361
198177763281219585
198168747536695296
198168581131878400
198144041655877632
198137772131893248
198129937054580737
198124511105785856
198119167898025984
198118932090073088
198115434594172929
198113761406631936
198109672442560512
198109513780436992
198108838023528448
198108496334569473
198106778829983744
198106427607351296
198106099101085696
198102748275814401
198099353229996032
198098925071245314
198097965758431234
198097766470254593
198097747809808384
198097731607203840
198094321419956224
198094304160387072
198094224518950912
198094091471425536
198093377382776832
198093376531345409
198093376531333120
198092386893692928
198083208204652547
198082588546580481
198081038193405952
198080815677190144
198080807368278016
198080166721880064
198079466315067392
198079267597332481
198079251285671936
198079240061718528
198079064907579393
198072524750331904
198072441753436162
198072261830393858
198072217714696194
198071050548936705
198065305287794690
198064395937529858
198064035353214977
198063690359128065
198063440923856896
198063406710931456
198062649240596480
198062464552812544
198062186814386178
198061857209204736
198048393690488833
198044266533101569
198032184873984000
198029062374043648
198028170258165760
198028170161684480
198027333049913345
198024231559249920
198023658386624513
198023546562297858
198023512470982656
198021681372073985
198020630128496640
198020154569928704
198018205111959552
198016891757920258
198014203762704384
198012933639385088
198012790055772160
198012264408825856
198012033160052736
198011596495265792
198007474924699649
198005878799073280
198002669342830592
198002548165193728
198001942365089792
198000446328156161
198757335668228096
198757222229086211
198755319738933252
198754311818326016
198753640897449984
198751756648321024
198733548818145280
198726715885887489
198723315471351808
198722999912906754
198722702213783553
198719365489758208
198718447570530305
198718086164135936
198717734161350657
198717015907774464
198711266729144321
198709858957139969
198709123137802241
198708402908704768
198708107512258561
198708040801845250
198707743127900161
198707736781926400
198707720113762304
198707610906664960
198707040124809217
198706644081848321
198706492533248000
198706355912187904
198706271627640833
198705875475632128
198704782821695488
198704683081154562
198704398602473472
198702950175092737
198702365770133504
198695482984370176
198669050644144128
198625430796902400
198539505177866240
198530029603405824
198505601897213953
198505259260325888
198492804111024128
198492441198858241
198492206808576000
198490877604274176
198490295967555584
198489651986694145
198481895716167680
198471146159611904
198469577007570944
198469222387556353
198466927906140160
198441442505531392
198427928143466496
198411114311188481
198410776447430656
198410068117565440
198398208647507968
199245469346562049
199245182460379137
199197750674456576
199166176633430016
199165316662693888
199164621611999233
199163472469176320
199163083053203456
199162776206315520
199160837733224448
199160796180250624
199156817387978753
199125973793382401
199123765198733312
199123205489831936
199123094403686403
199121832006254593
199120280759701504
199111101571547136
199111013054951425
199105270889189377
199072449353105408
199064923727335424
198914064196435968
198909730587025408
198886861765230593
198883325274882048
198880161150664704
198880122521133056
198863846369263616
198854158533672960
198845889517846528
198844440511651840
198838223345168384
198836763425382401
198836638590308352
198836380921643008
198835416810528768
198832444806402049
198832113041145859
198831980165611520
198831493181734915
198831268434149377
198815758329974785
198805415310536704
198805375590465536
198803912986337280
198774429478690816
198758603786694659
198757468594114562
199404508923699201
199404462723432450
199404092894871553
199403643739443201
199403488021721090
199403446758162432
199403207544406017
199402928715468800
199402789762375680
199402613630963712
199402473792880640
199402398022770688
199402268003532800
199402124805808128
199401979628371969
199401942961754113
199401704582688768
199401644901941248
199401440509313028
199401265128669185
199400876828393472
199400737694953474
199400688176996352
199400536385130497
199400190992584705
199400164451024896
199400002550894594
199399631786999809
199399430158422016
199399117783437312
199398743601192961
199398184009744384
199397180149202944
199396938389520385
199396858236379136
199396813969690624
199396658247770113
199396600370565120
199396223935971328
199396040229658624
199395966573490176
199395672376623104
199395665267269633
199395152761065474
199394420238467072
199393199108788227
199393186198716416
199393015566057472
199392146061672448
199391862333775872
199391311596490752
199385060028334080
199259950575398912
199428000872275968
199427797784080384
199427509090127872
199427229602676736
199426899053776897
199426405669404672
199426074218741761
199425290865344512
199425103614853120
199424525132242946
199424313915473920
199424274581299200
199422877299253248
199422537057312768
199422491284869121
199422457336184832
199422098677039104
199421871324790784
199420776192032768
199419611358310400
199414523432673280
199413268056514560
199412589560725504
199412290372644864
199412012038631426
199411912629420032
199411385921306624
199410755425148930
199410681785753601
199409506747293696
199408743681757185
199408360888606720
199407889662750720
199406981071646722
199406009133965313
199405736474836992
199405326959771649
199404940186226688
201305561868939264
199726983045853185
199726697061425153
199655916566622208
199652535542366211
199640453166006273
199625806354456576
199622763131060224
199622479315091457
199622477675106304
199590970747125760
199578193861148672
199573409305337856
199558796639617025
199558007112220672
199551232925376512
199548896970678273
199544901753520128
199542930703253504
199542926613823491
199542693905432577
199541058592440320
199540651703009280
199531803877457920
199528617741516800
199528522161733633
199528244528164866
199525948255780865
199525869121843202
199525500144726016
199524936870662144
199524068163190786
199519324401180672
199519046608224257
199515262721081345
199506200646266880
199506153418407936
199505164925800449
199505151655022593
199505119870595072
199505006787956736
199505000077074434
199492207667982337
199491936720125953
199491451757928448
199482834275147778
199465073033494528
199463417688498179
199458837969911808
199458593244852224
199457733752262656
199456326320001024
199453455537016832
199452938098315265
199452298777333761
199451565013217280
199449386323939329
199443926845894656
199433957652172802
199431636763422720
199430906186973184
199430342694809600
199429606372155392
199429212032086016
199428921178066945
199428479123599361
199428050809655296
200200654705278977
200200355185831936
200199063445061632
200197366748430336
200196791541571584
200196101704400897
200195440216514562
200194838791073792
200194035833507840
200193640876883968
200193404628500483
200193367290818562
200192323596992513
200192173449297921
200192039743258624
200191371305426945
200189021043953667
200188981302927360
200188973224689665
200182851973558272
200181465659609088
200179818669686786
200179453429686272
200179226417176576
200178828335788032
200178683317723136
200177634594922497
200176158984253440
200175934169550851
200175565272133632
200175351211626497
200174058862673920
200173298162745345
200173101256945664
200172484417425408
200172058662010880
200171508872658944
200170989424881664
200170854066294784
200170695152517120
200170628374999040
200170376246988801
200170087649509376
200163093089751040
200162362366500864
200162050251558912
200161983637630976
200161323261243392
200158450150408192
200158238031876096
200157378828701696
200157295185899520
200156380173303808
200155797123117057
200151706405847040
200149244072562688
200148675425603584
200148520332836864
200145639143780352
200144996182134784
200142980059893761
200142816238772224
200142603172331520
200142043899641856
200141980804718592
200141817906348032
200141548724289536
200141505283883008
200140909550116864
200139833983766529
200138748464340992
200138062829854720
200137420522536960
200137383411331072
200137248728035330
200136360311533569
200136248017428481
200136075287601153
200135528014819328
200134673849008129
200132596259233792
200130838967492609
200126181549412352
200117580780945409
200114486760308736
200047877676998656
200027110805475331
200005186633220096
200002929669849088
199982907945795584
199979413973106689
199979050394058752
199978862128529408
199978749133991936
199978525372067840
199976903879294977
199971531160432640
199961530064838657
199961273436344320
199956191219163138
199953490276139008
199948615559544832
199944619788746752
199944451676839937
199943729832923136
199940121506754560
199939183467433984
199937338221142016
199937111464480768
199932107185848320
199931692205608960
199931533023395840
199931283269353472
199930763288920064
199930532895801345
199930171384545280
199929255285624833
199927391034949633
199927040844115968
199926401552494592
199926078955991041
199921796408016897
199920395867013121
199919469294927872
199918568438108160
199917121629716481
199914464622034944
199909763377664001
199907879271153665
199903269479399424
199902890138157056
199902274338832384
199901840022839296
199897477334302720
199896549185171456
199896472261640195
199895673708089344
199894738839683073
199893882559934465
199893703010168835
199892015499055105
199891862583128064
199890807195574273
199890239706234882
199889844485357570
199889713950244866
199889013946073088
199887510007070721
199886998058696705
199885304168058880
199884462258008066
199884161794838528
199878825071484928
199878794402742272
199878742850551808
199877671948271616
199876156063883265
199875101171269632
199868606346035202
199868315655614466
199866434552217602
199859592178573312
199859263819104257
199858898197430274
199858886965075968
199858863581835264
199858741485649920
199858718718959618
199858672975888384
199858615958503424
199858257416830976
199858221802987522
199858133269626880
199857944765009920
199857636118761472
199857518497902592
199854870554099713
199850791161430017
199850769187487744
199850376667729920
199850361744404480
199849997452316672
199847826472177665
199844990539673602
199841150587248640
199839706773602305
199839683553923072
199839186772172801
199838837969666048
199838325723512832
199838281796567040
199837584216698882
199836958539780097
199836340592984066
199832576708460545
199832338903994368
199831710299467777
199831674467516416
199830290380759040
199830273301553153
199829715962433536
199826222904119299
199825732673867776
199824769556824064
199822691287572480
199818783186100224
199818396228005888
199816740853661696
199816425366503427
199815828621885441
199815442443935744
199815419035521024
199815025639178240
199814808122560512
199811756653162499
199811316196720640
199808461318524928
199805889375510528
199805863014305792
199804124013932544
199803366497456128
199803345014243328
199799109429886976
199798884229324800
199798817166589952
199798763718582274
199793087143346176
199792777477894145
199792242343424000
199792040580624384
199790520602591232
199790291773964288
199790166573977600
199789510614192128
199785937780224000
199785106154586112
199785046985539584
199784957353271296
199784548643504128
199784102054989825
199783892184604672
199782802005299201
199779212863881216
199776921704345600
199774426600972288
199773087930122240
199772783352365056
199772289640837120
199772251158089728
199771877743398913
199771463715266560
199771121535565825
199770708727971840
199766588432449536
199764007886929920
199751451122204673
199751239788007424
199750183855206400
199750150573395968
199748534944268288
200637798221484033
200637564867190785
200636938917650432
200636892562206720
200636700685373441
200636270945382400
200636115500285954
200635541484601345
200635253650489346
200634973517135872
200634694302306305
200634498076000257
200634110304198656
200633951948247040
200633642203103233
200633625895649281
200633455300722688
200633443351138304
200633323645714433
200633298463113218
200632793997385728
200632367155642368
200632262147047424
200632215078572034
200631859208658944
200631851562434561
200631802505863169
200631634825981953
200631595462438912
200631336904568832
200631288116420608
200630818023026688
200630653509828609
200630563974021122
200630555207938049
200630519552155649
200630151141269504
200630127976124417
200629345826521088
200628491815890945
200628463609188353
200628255705935872
200628223086833665
200627664506208256
200627654314037248
200627525838319616
200627492556505088
200627204936306688
200627154357194752
200626525354209280
200626445926666240
200626139859918848
200626084570607616
200625962801561601
200625459820630016
200625206266560512
200622335655555073
200622322955198464
200619129433108480
200618344779481089
200617614869925888
200616064776814592
200615706730037249
200615561602924544
200615139068747776
200611073437605888
200611023839969280
200608003727171585
200607916045246466
200607658200412162
200607170268639232
200606777757274115
200606137870069761
200605945510887424
200605761288671232
200605677905907713
200602923078660096
200602396177600513
200602048822120449
200600213298216960
200600070071132160
200599898733817857
200591542992371713
200591112128315393
200584610315374593
200584600861413377
200584317934649344
200583724105084928
200583283296321536
200583114546872322
200582261551284224
200578282960334848
200578184993964032
200577050367627265
200574097393057792
200573825782521857
200573791024320512
200572908551151617
200571517065641984
200571323553030144
200570990323970048
200569985448415233
200569778891526145
200569687883513856
200568199429898240
200563386663174144
200563110673793024
200561314345648129
200560207871475712
200559295853641728
200559254355193856
200558914838855681
200558892537741314
200558736903913474
200558632289583104
200558097150906368
200557908017160192
200557495519948801
200556498970091523
200556073730576384
200554604994367488
200554009935884288
200551699860037632
200549882312929282
200546995012763648
200546785654095872
200546423782121472
200542618181054465
200542125924950016
200541733690417152
200541172161187840
200540928648286209
200540685840031744
200540471200727041
200539897650622464
200539472314642432
200538424015462402
200538382416351232
200538238618836992
200538030036090880
200537824607473665
200537823772803073
200537492749950977
200537435690639360
200536960807337984
200536665784193024
200536453682446336
200536067047309313
200535873702477825
200535718907486208
200535693364178944
200535676842815489
200535621306036224
200535221119094784
200535082258284545
200534583643619328
200534214368702465
200534176045346816
200533343832510464
200532623955734531
200532532326965251
200532194417065984
200532181184036864
200531945673863169
200531814123700224
200531250879004672
200528932339060736
200528620660338689
200528166215892992
200527202461290496
200527052485562369
200526997435330561
200526399793135617
200526369015345153
200526165323169793
200523782295793664
200522300750168064
200520685255278593
200520362293854208
200520091316654081
200519239373832192
200519194268282881
200519047186616320
200518400445915136
200518349543833600
200518303075155968
200518196103626752
200518026146230272
200517566303707137
200517017319641088
200516430804946945
200516355223592961
200516126084562944
200515997197799424
200515670549598208
200515587443654657
200515238314000385
200515175936299009
200515079551201280
200515045619273728
200515011876110336
200514976287428608
200514821152718850
200514772372946944
200514553409318912
200514436744757249
200513883801255936
200513868861161472
200513078742364161
200512985494597635
200512689250897922
200512425009745920
200512122873053184
200509279072038914
200508012652269568
200507135325519873
200505010268798977
200503992831328256
200503350112960512
200502872192987136
200502777502367745
200500463320317952
200495937876000768
200495812780892160
200492988110077952
200472224451403776
200460447202287616
200325509404561413
200322148735254528
200319950341156864
200312656702345216
200306916587606016
200304438441816064
200296278888939520
200295229943853057
200294583282831362
200294016795934720
200292233382076416
200292139475812352
200290689546862593
200290206308507649
200290090151448576
200289878364262400
200289740631711744
200288585918840832
200288535046135808
200288403659563008
200287794982162433
200287666120564736
200287412717494273
200287276423585792
200287143774531584
200286621634011137
200281491295571969
200280493990744064
200280478534733824
200280353422852097
200280292785782785
200279137548644352
200278455634493440
200275188431065088
200274902157234176
200274881185710080
200274747303542785
200274410773561344
200272803080056832
200271709339787264
200271398000791552
200271389620576256
200271282938458112
200271271521562624
200268327795425280
200268298926039040
200267665011515392
200267602130509824
200265431993425921
200262003510620160
200261679181856770
200259446176366593
200256474830745601
200254566971883520
200254233226919938
200252728818151426
200252142928396290
200251703533121536
200251034126397443
200247273022693376
200246851818102784
200245595858935809
200245067884146689
200244906885787649
200244893078138881
200244374175625216
200244310426398720
200244290163703809
200243511168221184
200242648248893440
200241231484293120
200240097231245312
200237518363439104
200237510964674560
200224165482074112
200224023756541952
200222616131346432
200222569444540416
200222404868456449
200221530519642112
200219623344451587
200219474668945408
200208809589874689
200208036743221248
200206791244648448
200206462302162944
200206439925551104
200206083774615553
200205270700404736
200203600339812352
200203544559747072
200203348547350528
200202809814167553
200202576887685121
200202451339591681
200939667108012033
200938408166703106
200937743176568833
200936779585552387
200934850700648449
200933371382210560
200931360536408064
200930360048103425
200929876058968066
200928497584181248
200927932984733696
200927070564519936
200926906898591744
200925654622015488
200924807964012544
200924683405766657
200924434511577088
200924069380632576
200923811665821696
200923662914813952
200923292247396353
200923270919356416
200923092317503489
200922562568523777
200922084845694976
200921891903504385
200920382792937472
200919790385246209
200919522692186112
200919508280557569
200919359814766592
200919105048555521
200918118720221184
200916865202130944
200916549341691905
200916505385369600
200916491074412545
200915846812540929
200915117217554432
200915041380339713
200914948581376001
200914575380578305
200914492383707136
200913320906211328
200913306079334400
200912894802669569
200912582796771328
200912558700494848
200912218462756866
200911014441648128
200910931008552960
200910581098741760
200910184674099200
200910155808899074
200909380139487234
200908465684750336
200908301989453825
200906875829628928
200906415332802560
200906283178663936
200906239104917504
200904398988255232
200903646463004672
200903198662328320
200902613808590849
200901531145474048
200900722194268160
200900598223216640
200899723186552833
200899654316068864
200899624041586688
200897689334972416
200896784254513152
200895643227664384
200894695277211648
200893898036494337
200893883394162689
200893822572576768
200892438448050176
200891833524551680
200891359450767361
200891064981262336
200891045431607296
200890998170189825
200890932470628352
200890574272872449
200889935287422976
200889800662843392
200889644135612417
200889614561574912
200889221186199552
200889154639368192
200889142907895808
200889126139068416
200888992131067904
200888470087020544
200888420300632065
200887710590840832
200887471146405888
200886765702230016
200886760841031680
200886750472712194
200886375443210240
200886324734070785
200886056101490688
200885710948016130
200885499454439424
200885485634207744
200885353106784256
200885237151047683
200884871902666753
200884700804431872
200884627915808768
200884602129231872
200882960893886464
200882397351387136
200881782294462464
200881717530214401
200880496547340288
200880474846019584
200879192840212480
200879192596951040
200876293598883840
200876166503088128
200876153332965377
200875782862667776
200875441685409793
200875370579361794
200874185210343425
200873288828854273
200871052325302273
200870876693016576
200870833965629440
200869609816076288
200869521198813185
200869491767382016
200868341299167233
200868326791065600
200868180254670848
200867325254189057
200867213924777984
200866654220070912
200864021514170368
200863979210420224
200863936415932417
200863800361103360
200862681656336384
200862643928576000
200862162061754370
200862127358095361
200861465811488768
200860655165779970
200859946588442625
200859421490946049
200858866701967360
200858164076355584
200857428827451392
200854310429532160
200851632358047744
200851129301598209
200849680853237761
200848036413456384
200845100224491520
200845004434972672
200844929411452928
200844273556537344
200844105641758720
200842450040926208
200842300610445312
200841616339124224
200840474611810304
200838140439699458
200837978900267008
200826346241404928
200719690165788673
200710021078716416
200689821335818241
200689496323403776
200679779949748224
200679691693195265
200679666296700930
200675869876957184
200668378057285632
200667816653885440
200664964032237568
200655614861512704
200655581965594625
200655519680176128
200655501476888576
200655391816822784
200655363584954369
200653617315856385
200653108823605249
200651715807154176
200651696056184833
200651538077724672
200650941232455680
200650479141781504
200649646601805824
200649567920848897
200649272797044736
200649201372241920
200648003801980928
200647927255932929
200647898998898688
200647675593502720
200647496534458369
200646586768953344
200646323282780161
200646311874269184
200646296493752320
200645904804483072
200645742497509376
200645668992331776
200644748086755328
200644379831054336
200644346649919488
200643703382081536
200643646335356929
200643610625060865
200643341665304576
200642996763508737
200642825392627712
200642708509962240
200642583133818880
200642418683551744
200641912577863681
200641901660094464
200641861361221632
200641795888136192
200641542472478721
200641286842232833
200641228667228160
200641069380141057
200641049041977345
200641036391948288
200641022630436864
200640958172368897
200640923149934592
200640806435037184
200640773417476097
200640721785593856
200640695457955840
200640655859523585
200640599102193664
200640565015085057
200640562058100737
200640533620727810
200640514373066752
200640310613770240
200640268624609280
200639839031406592
200639803002327040
200639713969844224
200639471992061952
200639280245252096
200639205993484289
200639185374285824
200639184371855360
200639024283652096
200639006575308800
200638997700153344
200638988653051904
200638982986543105
200638835401564160
200638812827828224
200638797514407937
200638765709008896
200638557570867202
200638509554483201
200638500876460034
200638236245241856
200638187444510721
200638008012177408
201376275506544640
201131363015987202
201130877286219776
201115283761545217
201113262971039744
201110286093139968
201104217249816577
201103371317415938
201103103813095424
201100654524116992
201094137016098816
201094118758289408
201094066702778369
201091384193728512
201091113673691136
201086858288037888
201085596230361091
201081691970863105
201081189732319232
201079746669449216
201069403075391490
201060326916112384
201060196821381120
201060118304014339
201059808542076928
201059639121543169
201059223700914177
201056378834526210
201055581606391809
201055412286529536
201055367147438080
201053958754672640
201050415196942336
201050099604918272
201049569843351552
201049477048565760
201047654841581568
201046882779279360
201045865295659009
201044988400893953
201044645919195136
201044536556924929
201044333808459776
201044314355286016
201044073220550656
201043958288232448
201041668902887424
201041556654931968
201041498064687105
201040330701807617
201038484264321024
201037626407534592
201037026802413569
201036243381911552
201036135768657922
201036072052994048
201034004814766080
201031143708041216
201029262835322880
201027592650899458
201027568189706241
201024159189446656
201019083502788608
201018063682945024
201018043437031426
201018026798235648
201017485204537346
201017322985631744
201017220036427777
201016948690132993
201016845673836544
201016598084071425
201015901103992832
201015687341281281
201015578750763008
201015422684889088
201015162503827457
201014547497226240
201014347923865601
201014313220177920
201014206932336640
201014158597165056
201014112703094784
201014043056680960
201013875339034625
201013794066022400
201013169366372353
201012990705807360
201012822589710336
201012674518196224
201010946255228928
201010942585217025
201010696497016833
201010615928619008
201010343877677057
201010301678788609
201010288588374016
201010176935997440
201010144044269569
201010129242562560
201010080655745025
201010047919206401
201010010065616897
201009989488353280
201009902188118017
201009511392231425
201009377338077184
201009303119872002
201009176669995009
201009126166380544
201009114736898048
201009080209383428
201008903700496384
201008718161260544
201008353709801472
201008328187445248
201008164974505984
201007962368647168
201007756608671746
201007479914631168
201007441402527745
201007248061890560
201007031824556032
201006509663059968
201006232042086402
201005715660353536
201005098560786433
201004735300501505
201003754890334208
201003406435946500
201003047613251584
201002771456081921
201002641147445249
201002624181485569
201002606179516416
201002038711160833
201001831030206464
201001731352567809
201001718996148225
201001700859969537
201001446387367936
201001344285413378
201001224470925313
201001208054427648
201000602866692096
201000205057921025
200998831335292928
200997861020794880
200997828410089472
200994108968415233
200993999446740994
200991050926534656
200990925298728962
200990609274716162
200989503547129857
200988959113887744
200988724375457793
200987492193804290
200987422891315200
200987031629869057
200986349279510529
200985198211502081
200984988831850496
200982105612746753
200982095730970625
200981638077878272
200981393197629441
200981172489170944
200980982197796865
200980492777041920
200980363290492928
200980318931521536
200980202434732032
200980075473154048
200980054925258754
200979992434311168
200979872481419264
200977375549329410
200976538911510529
200976228612702208
200974848489566208
200974686002221056
200973161389490177
200972449389617154
200972364056502275
200971489573474304
200971380945207297
200971109204635648
200969699146735616
200966128967753728
200965134858989568
200963750633807872
200963408248569856
200961905727250432
200961864056832000
200961592618262528
200961546384445440
200960718550474752
200960397350674432
200959013578485761
200958543753515008
200957273001046017
200955505013833729
200952415766331394
200950838808674304
200950029433835521
200949782544527360
200948545916911616
200947004283699202
200944597176811520
200944002361597953
200942649430122496
200942535047249921
200942171547893761
200940903790149634
200940896957636608
201271687197626369
201269524941651968
201268311982481408
201268019530432512
201267862646689792
201267854782377984
201267845198381056
201267594618093569
201267055650021376
201267054676942849
201266864117129216
201266813106012162
201266799608741889
201266760123551744
201266725256306688
201266328890376192
201266089672454144
201266064506621952
201265944323039234
201265781873446912
201265651099238401
201265611140108288
201265480894394368
201265399893995520
201265114219941889
201264663407767552
201264651378495488
201264549624692737
201264428577067010
201264372935442432
201264176549732354
201264171025825792
201264051974701057
201264018495778816
201263942645989376
201263745958281216
201263690253729792
201263559722807296
201263447667769344
201263379904598016
201263193727832066
201263071442894850
201263065268879360
201263015780302848
201262997375688704
201262980346810368
201262979747024897
201262825107234816
201262801304555520
201262758120009728
201262738176090112
201262729003151360
201262697474560001
201262643397402624
201262609037656064
201262605380235264
201262084305072128
201261990684012544
201261411538702336
201261351488856067
201260164517597185
201259990940516353
201259795452399619
201259744906854400
201258915277701120
201258657147662336
201258586909835264
201258382412365825
201258278200680448
201258182931259392
201258136609366018
201258112798294017
201258102606143488
201258067936030720
201258055692853249
201258055680266241
201257783780327424
201257634358243328
201257394028810240
201257387980623872
201257049454166016
201257000573743104
201256947566120960
201256805064646656
201256773355712512
201256754821074944
201256522901233664
201256371658829825
201256242080002048
201256241291460608
201256217451044865
201256132952604673
201255842971000832
201255814722355200
201254254256721920
201254129090310144
201254035708329984
201253991890436096
201253967039172608
201253803301933056
201253733684879362
201253251503489024
201253064345255936
201253049317076992
201252447019220993
201252184074092544
201252128419872769
201252049474691072
201251912522268673
201251762445885442
201251653926649856
201251524628848640
201251151193182208
201250463998423040
201250339050094593
201250317369737216
201248897358757888
201248824465965056
201248609554010112
201248519930118144
201248318511255552
201248308851773440
201248287662153728
201248267424641026
201248230485401600
201247898674008064
201247849265102848
201247786354753536
201247654691348480
201247609812287489
201247586995273728
201247473677774848
201247341334904832
201247046722785280
201246773128343552
201246699920965633
201246105449660416
201245978215456768
201245960762966016
201245905251336192
201245832736022528
201245038846554113
201244928163065856
201244427056988160
201244267946061825
201242909159325696
201242757879169024
201241173657001984
201239335553597440
201238621385269249
201238533040644096
201237938871353344
201237049230110721
201235221901877248
201234133660348416
201234052525735936
201233222397476864
201232778082271233
201232153147736064
201232010612715521
201231583083110400
201230274472845312
201230022428729345
201229550410153985
201229470911311872
201228877668941824
201228863659982848
201228082672177152
201228082663800832
201227496644018177
201227261960130560
201226562354421760
201226290005671936
201225236950159360
201224676142362624
201224536048406528
201224220762570753
201224188474826752
201222210336202752
201220594560282625
201220216804483073
201220117001015296
201219254295609344
201210557150400513
201210430587285504
201206971272146944
201206239387062272
201206141156466690
201204794759708675
201187563665489920
201187204003934208
201168601351340032
201151320017731585
201134576821739520
201134237351559169
201132421142429697
201296568035442688
201296202468311040
201294745882996736
201294546548690944
201293850046767105
201293738742513664
201293717489975296
201293056534790144
201292773658341379
201291669897887744
201290908023529472
201290263656792064
201289873108381696
201289721589137409
201289418785562626
201288478993027072
201288154370682881
201288061408116738
201288031091703808
201287668900954114
201287359726231552
201287163030142976
201286958041923585
201285363875053568
201285206135681024
201284924936962048
201284890631749632
201284751049506816
201284620925411330
201284613140779008
201284238778179587
201283875178151936
201283799588417537
201283649092599808
201283343755653120
201283334138118144
201283213136633857
201283122577416192
201282969833443328
201282963957223424
201282911608123392
201282799318212608
201282770008420352
201282751167598592
201282559152361474
201282522758389760
201282482442735617
201282454252818433
201282182147342336
201281872305721344
201280590161522688
201280396376289280
201280018494656512
201277835233595393
201277593339691010
201276807721398273
201275994345189376
201275008239153154
201274701492916224
201274692538077184
201274508429103105
201274448781910017
201274439302787073
201274378812522497
201274295819841536
201273993578299392
201273929246052353
201273787545681921
201273613846986753
201273555315470336
201273129438412800
201272682245926912
201272321217019905
201324313608069120
201324131554312192
201323934048722944
201323475695190016
201322808133943297
201322553514532864
201321889900138499
201320885251084290
201320742632161280
201320615884500992
201320357511180288
201319802046910464
201319465831514112
201317997464391680
201316888578498560
201315757093695488
201315754283507712
201314974734352384
201313854209261569
201311058667900932
201311036912041984
201310655347818497
201310426456260608
201310225800769537
201310090056318977
201309991695687680
201308200115515392
201308039800832001
201307588762144768
201306933465055232
201306813906432000
201306279745032192
201305908326825984
201305564637184000
201305408139309057
201304823864360961
201304532498649089
201304289816227840
201304205246476288
201303013032345604
201302944472252416
201302640016109568
201302353507385345
201302229947383808
201301992772083714
201301966863876096
201301939399573505
201301731911548928
201301412796301312
201301362133315584
201301342759829504
201301328759238656
201301309985533953
201301287097212928
201301269292384256
201301242276880385
201301204704309249
201301185007853569
201300306829651970
201300213493792770
201300040453586944
201299777781116929
201298396139622400
201298336316272640
201298154858090496
201298091863846912
201298064194015232
201297959051214848
201297111638212609
201445475486924800
201444980651343873
201444630120763394
201333702922485761
201333631787085825
201333551902359552
201333532654710784
201333219738648576
201333174385655810
201331825023524864
201331234704601088
201331076189265920
201330681643675652
201330564832301056
201330428416765952
201330128431751168
201329945249710081
201329792749023233
201329674075381760
201329670875123712
201329652227248128
201329207358398464
201329140652183553
201329039540101120
201328629483978759
201327875398434816
201327604270239744
201327515824947200
201327242834477056
201326957126893568
201326756588814336
201326672270725120
201326649063649280
201326609154850816
201326567337635842
201326400995733506
201326360113844224
201326168643874817
201325548163706881
201325042414534658
201324659390693377
201324623944626176
201324447003705344
201324403630411779
201324356259954689
201469994893189120
201348572040540160
201348542030290947
201348502209576960
201348481149968386
201348452729364481
201348451861139458
201348437269155840
201348349134249984
201348334215110656
201348284227399682
201348273473196032
201348195941490689
201348158192762880
201348099652849665
201348077599195136
201348063409872896
201348010611965952
201347992161239040
201347944769798144
201347905687273473
201347810594009088
201347679471669248
201347629941137410
201347570889531392
201347556725362688
201347552338128896
201347500123234305
201347429965107202
201347355956609024
201347326873313280
201347225786396674
201346950983979008
201346408001961984
201346265777307650
201346197817016320
201346181463416832
201346131786080256
201346130519392257
201346039322648576
201345946959888385
201345942484561920
201345736623931392
201345643313233922
201345556382093313
201345445740552193
201345255151382528
201344949923479552
201344744448737281
201344741143609344
201344554539032577
201343950747992065
201343729737535488
201343080547368960
201342995121979392
201342934627528705
201342880445505536
201342792511926272
201342570415144960
201342412348600320
201342399241400321
201342394568933378
201342213702168576
201342054616408064
201341908910485504
201341888593264642
201341812772843520
201341761665236992
201341752211275776
201341185330130945
201341123900346369
201340925312634880
201340564531200000
201340519761195008
201340182828552192
201339778527014912
201339727901765634
201339089658720256
201337533982978048
201337408179015681
201336028051673088
201335607950180352
201335458540699648
201335403100377088
201335072035581952
201334929001431048
201334927571169280
201334773787004929
201334664743501826
201334579083231232
201334560779272192
201334044376580096
201333889308954624
201333752276856833
201333730139320322
201333704428232704
201351110018076672
201351098156584960
201351065592016896
201351022839468032
201351001255591936
201350877292920832
201350774108864513
201350766793981952
201350478221676544
201350100008697857
201350032492998656
201349960795566081
201349776309096451
201349515050106881
201349478580633603
201349477716594688
201349464781373441
201349444929720320
201349359298805760
201349269788168193
201349104972988416
201348933044281344
201348900127383552
201348898390945792
201348856175280128
201348836449464320
201348818791436288
201348801309585408
201348773442625536
201348735161217024
201348722049826817
201348648297172994
201348612242939905
201352002029092866
201351976993292288
201351939118727169
201351935935258624
201351927089467392
201351876065771520
201351839168466945
201351797141536770
201351714421481472
201351667940200449
201351652589056000
201351568937848832
201351312485523458
201351250409824258
201351200111730690
201351165114449922
201351154234437632
201351118079541249
201352318501924865
201352253750263808
201352248402513920
201352221663830016
201352219302436865
201352119629000704
201352084531068929
201352055074471937
201352032110649345
201352026272182272
201429709224022016
201352425276325888
201352329335812097
201352323119853568
201352798972022784
201352725852717058
201352691090333698
201352617274785794
201352603563593728
201352598140370944
201352578007695361
201352564032286721
201352503223267331
201352462131671041
201352454619672577
201353332147748865
201353310161223681
201353302758264833
201353253441646593
201353211393744897
201353075305365504
201353066509893632
201353051225858048
201352994950881282
201352979788468224
201352965557198848
201352873630629888
201352835756068867
201352824024608768
201352805628387328
201352805427060736
201355580089176065
201355579338403840
201355552515817473
201355408135290880
201355382466162690
201355331333398529
201355327801798656
201355288836702208
201355274357964802
201355101040934912
201354902465822722
201354806340759552
201354728943255554
201354594683596800
201354591575605248
201354495333105664
201354408297103360
201354392392318979
201354345751642112
201354329028964352
201354325392490496
201354309697409025
201354262318555137
201354260842164224
201354258849857538
201354203124334594
201354177941741569
201354171201499137
201354106957344768
201353971670061057
201353719072309248
201353674814013442
201353508912513024
201353448401289217
201353438343335936
201353401475399681
201353379186868224
201353360358649857
201596895024529408
201476108145790976
201358750211252224
201358644309270531
201358642337943552
201358637250248704
201358612906524674
201358593604333569
201358590840274944
201358538180800512
201358426801049600
201358422405419008
201358414264270848
201358368714141696
201358312611119105
201358305459830784
201358299063533569
201358298321133569
201358233833705473
201358190594625537
201358189487337474
201358135603101696
201358134328037376
201358118733611010
201358111511019520
201358087494434816
201357915611873280
201357846288404480
201357560148791296
201357513025798144
201357388379471872
201357375649751040
201357203721027584
201357026046128128
201356966369558528
201356871708323841
201356792024928257
201356781656621056
201356699364364289
201356673913327616
201356667558961154
201356635837431808
201356629239799808
201356610583539713
201356496737538050
201356489384927232
201356424637456384
201356338989760512
201356168776531968
201356070797590529
201356042561519616
201356033900285952
201355985703546880
201355884260102145
201355857429143552
201355834352087042
201355792241262594
201355650457010176
201355625559621633
201360957983834113
201360815142612992
201360748167958528
201360741503217665
201360592806756352
201360569503199232
201360546098982912
201360529560838144
201360453488738305
201360349344169984
201360257480536064
201360191030169601
201360036247769089
201359988873117697
201359940177231872
201359911978934273
201359908866768897
201359878328025088
201359839547498496
201359822371819521
201359734463397889
201359722023092224
201359573020454912
201359555681198080
201359548127260672
201359475670646784
201359473653202944
201359460940259329
201359449020055553
201359427654262784
201359426823786497
201359376680878081
201359357802315776
201359295420444672
201359290378891264
201359212327079937
201359203095429120
201359142336741376
201359129615413249
201359112066445313
201359066243674112
201359013206704129
201358952389296129
201358916507013120
201358881321005059
201358753898053632
201361350931382272
201361346393161728
201361339501912064
201361142541582336
201361137088999424
201361136573104128
201361094558756864
201361052858990592
201361028213243904
201362098855489536
201362029443940352
201362012549300225
201361983117864960
201361966546173952
201361910485106688
201361881057865728
201361873843662849
201361838968025092
201361821683290112
201361821591019520
201361778049941507
201361761444708353
201361750631792643
201361681471909888
201361672642895873
201361573472763905
201361561460277249
201361418556153856
201361413460066304
201361383231729665
201362688985677824
201362629229428736
201362614368993281
201362544735166465
201362486077825025
201362429098209281
201362344843026432
201362321245872128
201362289306255361
201362283581022209
201362283576836096
201363561996484610
201363533252927488
201363532330180608
201363434674192384
201363381360410624
201363374691454976
201363370736222208
201363285046603776
201363164259041280
201363146710065152
201362999309647874
201362745558441985
201362740298780673
201364500530741249
201364422126608384
201364302337290244
201364299766177792
201364149454901250
201364134766456832
201364122502311938
201364053644414977
201364041820684289
201363910304083969
201363864699408385
201363726870380544
201363628346179584
201363603788541954
201363590802964481
201711151774580737
201365361176743938
201365320013852672
201365269132738561
201365233657315331
201365224996077569
201365204628545538
201365192033050624
201364902399582208
201364784346697728
201364775609966592
201364760732774400
201364747818504192
201364642927357952
201366255452692481
201366173584064512
201366014884184064
201365942276591616
201365931832782848
201365716815982592
201365554802589698
201365422031912960
201365388951425024
201365385679880192
201366461489487872
201366458058547200
201366368149446656
201366344703287297
201366318241431553
201366497296265216
201366560051445762
201366584340660224
201366575297724419
201367277503922177
201367264920997889
201367227335847936
201367193722683392
201367159669137408
201367123258388481
201367101573832704
201367084763066368
201367044577435650
201367041700151296
201367003980775424
201366927065628673
201366915090890752
201366908707155971
201366854223142912
201366707367972865
201366702116704257
201366650224779264
201366625600028672
201368819195850752
201368787684036609
201368746072342529
201368646679924736
201368578564423680
201368567332085760
201368463820857344
201368459030970368
201368403183804416
201368367611908096
201368222623207424
201368119107784704
201367856263331840
201367853578989570
201367825129025537
201367790668619776
201367766098395137
201367686956060673
201367622867091456
201367588268285952
201367408030646272
201367376732766208
201367367400423424
201367328749924353
201367328003334145
201367320776556545
201369059483320320
201369005146112000
201368980055785472
201368930571403264
201368882982821889
201368874040573952
201368858639077376
201368853576564738
201987137850195968
201986690137587714
201967437732782080
201966368088797184
201489766657703936
201369573365256192
201369554650271744
201369533200596994
201369498329169922
201369374102274050
201369364631531520
201369157890093056
201986639000637440
201370596230176768
201370577708130305
201370552542302208
201370506186854402
201370459357446145
201370447969927168
201370406458892288
201370378260586496
201370258819387392
201370222022754306
201370172819386369
201370171460423680
201370159074656258
201370068817416193
201370067466854400
201370062471442432
201370032029184002
201369910591488000
201369907449954305
201369809924014082
201369693582393344
201369682773671937
201371172120702977
201371074552799232
201370929073360897
201370884882182144
201370844352618498
201370821099405313
201370751142604800
201370667030036480
201370626177499136
201371912989978625
201371835399544833
201371825853308929
201371816177057792
201371800461000704
201371796166017025
201371772996685824
201371751127592960
201371647364694016
201371623884992512
201371599281201152
201371533598396416
201371525796999168
201371468351815680
201371408494886912
201371403310727168
201371347568427009
201371340748500992
201371283835985921
201371254765260800
201371182858121217
201372237415198722
201372210592612352
201372193182056448
201371993189253121
201371991192764416
201371971445993473
201371960767283201
201371930723483648
201372353001816066
201431837497765888
201961362925174784
201958308964335616
201372417950617600
201372410560258051
201372373235142656
201372427559776256
201372844964319232
201372804510261248
201372725233721344
201372712336244736
201372647794294784
201372635672743938
201372621479215104
201372608757891072
201372603603095552
201372600188944385
201372562310184960
201372539040169984
201372451064659969
202293806421393408
201373142013329408
201373038200098816
201373035738038273
201372967417024513
201372861661843456
201373838183895040
201373757888139264
201373722651803648
201373670759858176
201373581240832000
201373500785692672
201373462563000320
201373368241487874
201373292928573441
201373254626189313
201373191229280259
201374622137061376
201374602734223360
201374459746201600
201374454054535168
201374454050332673
201374413751459841
201374398400303105
201374334332317696
201374330700046336
201374290225008641
201374080409145344
201374007554080769
201374004160901121
201373955964141569
201373924708188161
201375504761237504
201375457642430464
201375418790580225
201375291724152835
201375277660639232
201375250120843264
201375167786651648
201375105232797696
201375090091364352
201374884402700289
201374881416364032
201374841163616256
201374808338989057
201374799660982272
201374717091921921
201374657406971905
201375848622862339
201375847691718656
201375821263413248
201375776443080705
201375692762517504
201375692070457347
201375646960726017
201375605059633152
201375561648574464
201383169268776963
201383168467673088
201383157998694401
201382884983062528
201382856944123904
201382750131986432
201382561476382721
201382556208332800
201382516723167232
201382339358633984
201382215446302721
201382199159824384
201382132935950336
201382118029410305
201382001108987905
201381905847955457
201381840664281088
201381812117839873
201381658837008387
201381578511876096
201381561629802497
201381538573725698
201381471750066177
201381434026504192
201381409951186947
201381390435098625
201381269978890240
201381269882421249
201381210197463041
201381116475748353
201381087811874818
201381074507542529
201381062209843200
201381051883458560
201381037681545216
201381031738220544
201381024217833472
201380995432325120
201380995218407425
201380959088676865
201380933654417408
201380932912025600
201380895167488000
201380886653050881
201380845838282753
201380763571208192
201380708172832768
201380675230760960
201380570482229248
201380556917833728
201380536323817472
201380498436665344
201380418040250368
201380379372957696
201380358007164928
201380136774406144
201380105090629632
201380020990648320
201380013839351808
201379978384916482
201379974354178048
201379958650699777
201379915482939392
201379901629140992
201379871547604994
201379851289108483
201379713288126464
201379598959783939
201379538125602816
201379380428161024
201379373423661056
201379368214331392
201379345527349248
201379303978565632
201379236982960134
201379217311662081
201379152580980736
201378953179570177
201378903519014913
201378783255740417
201378780219052034
201378741971202048
201378739140042752
201378713126977536
201378632101400577
201378566389239809
201378515067740161
201378505097875456
201378502761656322
201378296896831488
201378288692756481
201378217599307777
201378129254690816
201378024791343105
201377965022511104
201377935112945665
201377908709797889
201377884185702400
201377876560457728
201377874060656641
201377851923111936
201377730007277569
201377726848970752
201377697212018688
201377522292768768
201377460435173379
201377437555236864
201377380642734080
201377317413593088
201377243182796803
201377214632177664
201377197699764226
201377177810370560
201377167056183296
201377140078411777
201377107459317761
201377066149621762
201377043462635521
201376999531479041
201376962898427904
201376946091851777
201376905377755137
201376889925926913
201376867280883712
201376808065703937
201376718940934144
201376715744870402
201376709382111233
201376690339983363
201376677757063169
201376676465213441
201376620488048640
201376596135915521
201376582483451904
201376503957696512
201376472823365632
201376454016118786
201376409892032513
201376402254200832
201376398953295872
201376352346185728
201376337531908096
201376333476016128
201376280401297409
201376213955117056
201376088381857793
201376065015394304
201375992789483520
201375985772396544
201388576678752256
201388560325152770
201388553861742596
201388465634541570
201388086024863744
201387927396290560
201387640195514368
201387617617592320
201387500193841153
201387434041294848
201387409831759873
201387274611589121
201387259369500672
201387258962653184
201387207544668161
201387167614894080
201387119485255681
201387073339523072
201386739439370240
201386546195218433
201386532484022273
201386489270108161
201386338187091968
201386327579693056
201386311712636928
201386270381973508
201386155965546496
201386147899899904
201386137640632320
201386099384397824
201386099359232000
201386094816800768
201386091687849984
201386069294460928
201385996040933378
201385924582588416
201385748547645440
201385676636291074
201385617496608769
201385610345316352
201385504032301057
201385453423824896
201385391645933568
201385342522245120
201385298020671489
201385265011503104
201385256333488128
201385205871804416
201385118403805185
201385093179248640
201385079174479873
201385036623265794
201385020882030592
201384784251977728
201384732137754624
201384559902859264
201384559756066816
201384539837308928
201384523592761344
201384481578430464
201384345842356224
201384344915415041
201384314246672384
201384283439497216
201384236035485696
201384214858440704
201383993940254720
201383970179530754
201383919784960000
201383918853828608
201383902793842688
201383727786508288
201383595754008576
201383581505949697
201383533028188160
201383342451589120
201383333895225345
201411699482443776
201411461883494400
201411024396615681
201410908419932160
201410682019778560
201410447868571649
201410445230342144
201410081441579008
201409972561653760
201409907994542080
201409870694592512
201409819868008448
201407932015968257
201407695549497345
201407605468438528
201406470816923650
201406237894651904
201405845794332672
201405434718986240
201405183996071938
201405123929448448
201405027884072961
201404885105774592
201404716167598080
201404578409877504
201404226516172800
201404151849156608
201404046471471105
201404014854803456
201403566076870656
201403130640990210
201403020477595650
201402751966650368
201402605853868032
201402544877092864
201402539516772352
201402503449935874
201402474140151809
201402401528360962
201401449937256448
201401338473623553
201401299139440642
201401060965879809
201401048286494720
201401019744268290
201400990434463744
201400847916208131
201400814936403969
201400709156061184
201400601039474690
201400537999085568
201400264903753729
201400111371272195
201400037341802497
201399929627885569
201399819841961984
201399640405446656
201399319843188736
201399116041961472
201398962719162368
201398526834524160
201398280855371776
201398235032596480
201398220113457152
201398046943215617
201397915237892096
201397784216211456
201397723558199297
201397661503455234
201397639714062336
201397636002099200
201397584877719552
201397453650538496
201397449141661697
201397381596577792
201397361870782465
201397343566835712
201396950183051264
201396867274260481
201396787133681664
201396620812746752
201396578467065856
201396567016611840
201396558653165569
201396362187780096
201396329132474368
201396249113526274
201396239722479616
201396223373099009
201396127109611520
201396101021052928
201396075037335552
201395971287040001
201395932980453377
201395892467675136
201395840177287168
201395816320086016
201395790684487680
201395759613095936
201395594818879489
201395488300335104
201395325846556672
201395305432875008
201395270079102976
201395252152635392
201395248310657024
201395099698077696
201395085584244736
201395028596244481
201395006475481089
201394876573696000
201394800795205633
201394798953897984
201394738140692480
201394733208186880
201394584096481280
201394563867357184
201394520917671937
201394329258958849
201394301916291072
201394238695542784
201394111142576129
201394079328772096
201394042502778881
201393963435962368
201393954573402112
201393931471175680
201393860331573250
201393523432505344
201393336077131776
201393331807322112
201393214471680000
201393117373538305
201393087409430528
201393036322816001
201392926432038912
201392844060106753
201392682352906240
201392677693034496
201392654762774528
201392651470258176
201392598433275904
201392472914530304
201392437028077569
201392404316688384
201392318627053568
201392202507755520
201392160560529409
201392108291112963
201392042155327488
201391883954569216
201391872139206656
201391831219576832
201391797291847683
201391703289110528
201391610087489536
201391160546164736
201390960964411393
201390839598022656
201390772195557377
201390675537833984
201390674560561152
201390607300698115
201390569514213376
201390430410117120
201390419324575745
201390400156610560
201390354455470083
201390234523537408
201390135009476608
201390121570942976
201390023025754112
201389946832027648
201389888761892864
201389887302287360
201389866985074688
201389833661317122
201389818893180928
201389812295544833
201389757354348544
201389705214963712
201389596297277440
201389516819410944
201389509437427712
201389485727039488
201389372405321728
201389358853525505
201389356894793730
201389329040408577
201389276821331970
201389159401799680
201389118343753729
201389085380718594
201389018502541315
201388998596366337
201388801631850496
201388800583286785
201388753116340224
201388720283332608
201388633763229696
201417688176803842
201417619037880321
201417220738383872
201416882899795969
201416856001724416
201416822719913984
201416522378383363
201416413238398977
201416198850744320
201415867769167873
201415542115020800
201415230931222528
201415215173210113
201414895617589249
201414873433915392
201414793373024256
201414773156491264
201414685852049408
201414581158027264
201414181008838657
201414180941742081
201414148079353860
201414125308485632
201414110276096000
201413842016796673
201413732998463488
201413723640954880
201413693567803392
201413615792828416
201413602878558208
201413587376422912
201413167744684033
201412477588738048
201412403794161664
201412291047075840
201411933625262080
201411846438264832
201419803582414848
201419703325958144
201419452334612480
201419373511049216
201418895771447297
201418249399844864
201418026900402177
201417804174458880
201419815104167936
201420768729505792
201420281443659777
201420231338508288
201419994901381120
201419932951515136
201419888198299648
201421141204680704
201421109755785216
201421142009978880
201421430427095040
201421782719279105
201421733398454272
201421854592864256
201423301950705664
201423062200094720
201422996076896256
201422977907163136
201422893438078976
201422812181835776
201422526742663168
201422502705111041
201423459304214528
201423391830450177
201423928843972608
201424245937537024
201424322282274816
201431328078573568
201431237292851202
201431129159499776
201430975488606208
201430843636457473
201430793300615168
201430660957741057
201430531198562304
201430497367310337
201430345302810624
201430317263896578
201430168269627393
201430120764948480
201430047645642754
201429915478933504
201429865323429888
201429604408360963
201429591791898625
201429493620023296
201429436766224384
201429395745943552
201429313319481344
201429131899052032
201428938365468672
201428571867201537
201428294304940032
201428175006334976
201427989559394304
201427523148587008
201426763270717440
201426413746798593
201426244657610753
201425908760977408
201425755454971904
201425369730007040
201425128381362176
201425057245958144
201425014396960770
201424918095740928
201424669558050816
201432247272882177
201432231070281730
201432219376566272
201432202179907584
201432188011556864
201432164204679168
201432145317728257
201432141568016384
201432099633377280
201432083405615106
201432065709850626
201432040346894337
201432025197064192
201431982083813376
201431957777817601
201431945052299265
201431941415837696
201431929667600384
201431921782304768
201431902853398529
201431871832334336
201431871798771712
201431860159594498
201431854799257600
201431849652862978
201431826881970177
201431825296523264
201431809488191488
201431807734972417
201431782934061056
201431759194304514
201431755557847041
201431739892113409
201431735215464450
201431724272521216
201431723446239232
201431713786757120
201431691020083201
201431634858348544
201431626201313280
201431610925662208
201431554323513344
201431541740617729
201431540570406912
201431532185989120
201431523839328257
201431523570892800
201431518831325184
201431514939015168
201431510769876993
201431497633304576
201431492210081793
201431478951882752
201431462111744000
201431453031071744
201431452196421632
201431444642476033
201431444457918464
201431430243426304
201432879782313984
201432688505266177
201432680196349952
201432665403035648
201432648453853185
201432622587588608
201432590526320640
201432419096735745
201432413027569664
201432378185482240
201432356450611200
201432335885938688
201432316885737472
201432299072536576
201433142152790016
201433099018567680
201432992000905217
201432970056314880
201432951152582656
201432938716475392
201433483657232384
201433477374152704
201433474727542785
201433414874841088
201433380980666368
201433337317953536
201433333442424832
201433318166769667
201433310201778178
201433302459097089
201433298847805440
201433296184410112
201433290803134464
201433263728885761
201433261350719488
201433248558100480
201433248302235648
201433239087366145
201433204949913600
201434144356573185
201433995802722304
201433945659809794
201433915410493440
201433847123021824
201433746036113408
201433728508108800
201433659100770304
201433557741207552
201433487411126272
201434408669020160
201434361340510208
201434322891313152
201434281095073793
201434966234632192
201434902980333569
201434823829630976
201434794381410304
201434747723976705
201434574369198081
201434490315345920
201435512114913281
201435444032978944
201435341448675328
201435310469550082
201435253859033088
201435143913746432
201435124145979392
201435117913260033
201436504118145024
201436264375910401
201436254829690880
201435982086684672
201435568125644801
201437446259482625
201437041223942144
201436921325563905
201436752064413696
201436720951083008
203399262812372992
201437966546124801
201437483945299968
201440155779866624
201439789449351168
201439762685505536
201439517851389952
201439461547048960
201439432329543680
201439400729657344
201439287240175617
201439242956701697
201439192377589762
201438950089428992
201438756224516096
201438639832563712
201438605481226240
201438601991565313
201438585986105345
201438307081662464
201438162457862147
201440278119325696
201440165766504448
201440785164550144
201440748061728768
201440331596709888
201441493859315714
201441441761865728
201441301554659328
201441066921111552
201440955054833664
201440945286283264
201442976063430658
201442282539454464
201442124149964802
201442091581181952
201441791294189568
201441498535952385
201443127943368704
201443070284267523
201443410018709504
201444194038976512
201445185421443072
201445022615343104
201444985525121024
201444753122922497
201444478081445889
202424103498547200
201450396353445888
201450382134751232
201450292275970049
201449996141346816
201449737180819456
201449610043072513
201449433941028865
201449269289422848
201449127731658752
201448492609183745
201448157090037760
201448071681421312
201447872850444291
201447325288251393
201446868469825536
201446196588453888
201446012198453248
201445909245071360
201445564255186944
201445324877860864
201445262982524928
201450913997656064
201450549562966016
201524795622428673
201523284079149057
201522994978365443
201521525449441283
201520760718770177
201520683363205120
201520515091935232
201519790521716737
201519553715507200
201519396961783808
201519290522935296
201518000124329984
201517567888728064
201517486779285506
201516392648949760
201516251833577474
201515958639149056
201515948723810304
201515333956280321
201515254197391360
201515202020257792
201514635558535169
201514360298938368
201511742705111041
201511238088409088
201510936106901505
201510538193289217
201509494767882241
201507902568153088
201506634541957120
201504979746422784
201504940340940800
201504769091698688
201504696488296448
201504694412120065
201504321391702017
201504227045023744
201504091459944450
201504046383759360
201503975986577409
201503870076207106
201503775620476928
201503306470801408
201503068125270017
201502292271300608
201502163481018369
201502034300649474
201501902024867840
201501870815068161
201501609287626752
201501385827692546
201501262309634048
201500627203919872
201500555976257538
201500506613489665
201500377630248960
201500058246578177
201499526429818880
201499483903758337
201499387975831552
201499378958086144
201499362289913856
201498913402916865
201498427434086402
201498243450933248
201498034171953153
201497889250344963
201497811139829760
201497716998672385
201497664372740096
201497645838118913
201497618780663809
201497401746395137
201497285656461314
201496878427275264
201496222232612864
201495653191385089
201495452238098434
201495206955196416
201495146880176129
201494922526859265
201494661485961216
201494650618511360
201494526660063232
201494476823347200
201494118491373568
201494038732476416
201493839876325376
201493739699568642
201493556907622400
201493510308900864
201493421532266499
201493345523089408
201493326040535040
201493075653173249
201493056304848897
201492965095514113
201492945428418561
201492923458654209
201492923018260481
201492897563025408
201492852390367232
201492752163274754
201492704478236673
201492653471313921
201492636840886272
201492541743443969
201492458813665282
201492307386695681
201492134619136001
201491518312296448
201491514902319104
201491432131919873
201491336673759232
201491145585463296
201490931051020288
201490703019290626
201490670899310592
201490647612534785
201490254241349632
201490212659003392
201490210511527936
201490179444314114
201490050293313537
201489950460489728
201489946614308864
201489430215790592
201489388914483201
201489364931444736
201489197041860608
201488916455493632
201488786507567104
201488531045097473
201488380574445568
201488034837970947
201487740829835265
201487061629411328
201486896663244800
201485286209884161
201485218148909057
201484631504195585
201482710198403072
201481700423905283
201481216971636738
201480811206287360
201480662950232066
201477645857337344
201476380460990464
201476354124947459
201476328753602562
201475620868333569
201475201467289600
201475145846628352
201475039458099202
201474997145964544
201474984021987328
201474913121468416
201474632715472896
201474560963526656
201474344797478915
201474291504656385
201474267500642304
201474042211999744
201473934321926144
201473731976110080
201473258917339136
201472938673836032
201472875763474432
201472797480984577
201472776899526656
201472724768522240
201472706972090368
201472602642980864
201472282873438208
201471957315751936
201471829641138177
201471638938726401
201471609779912705
201471515038982144
201471026482262016
201470674320113664
201470534024835072
201470531424370688
201470520393347072
201470462872649728
201470375350108161
201470321067433985
201470277039820800
201469967080767488
201469957681319936
201469915776028672
201469901402152960
201469737128034306
201469657583063040
201469638410899456
201469448538947584
201469439508627457
201469369333710848
201468885705310208
201468833532346369
201468799009034240
201468298917986304
201466431638994944
201466378966925312
201464378405556224
201463998183510016
201463836837036034
201463770768359424
201463305561309184
201463125113978881
201463112774336512
201462474871021569
201462215763701760
201461819250974720
201461766427914241
201461754667081728
201461717421662208
201461657531191296
201461410054684672
201461078763380737
201460976346869761
201460569457430528
201460285419163648
201460275700973569
201459892932968448
201459538082267138
201459524157194240
201459509569392640
201459438383677443
201459301720666113
201458970148356096
201458624336363520
201458506606452736
201458441309536256
201457354997370880
201457237791744000
201457057059180545
201456850850414592
201456822526291968
201456621996613633
201456567147700225
201456536239865857
201456503515914242
201456382795456512
201456172572753920
201455977155919872
201455702949109760
201455613950177280
201455518408122368
201455068820680704
201454889698734082
201454253120819200
201453965043437568
201453769777618944
201453428101230592
201453322580930560
201453276527472640
201453086529687552
201452780995616768
201452702457278464
201452445782650880
201452421325656064
201452145243979776
201452137123815424
201452053854302209
201451884781899777
201618554104201217
201618475905581056
201618140252209153
201618100410515457
201618072715538432
201618035289767937
201617982420549633
201617948627042305
201617290050027522
201617240750174208
201617165625982977
201614995769933824
201614814794088448
201614682849677313
201614565555961857
201614532899119104
201614195974864897
201613739252924416
201612470673084416
201610495537586176
201610255313022978
201610215752351745
201609238454337537
201608295771930625
201608104721391616
201608036161306624
201607630270115840
201607143370129408
201606420230189056
201605011745148928
201604645171372033
201604019087605760
201603184282705921
201603117073178625
201602914362458112
201602614905933825
201602496131633152
201602362295599105
201602251750522880
201602084980785153
201601962590994432
201601955766865921
201600901042028545
201599864700796928
201599254987423744
201599198712446976
201598953148530688
201598894847700992
201598883678269440
201598773099630592
201597829016326144
201597581955047424
201597049983082498
201596154666958848
201595253495578624
201593459818250240
201593083354288128
201590437507633152
201590220943142912
201590101338365953
201589491746619392
201586481008099329
201585226219134976
201583996759588865
201582809616351233
201581884562616320
201580328677150720
201579512830509057
201576280037134336
201575622219276288
201575612819845120
201571409435168768
201570255850569728
201568576887459840
201567029042479104
201566965985320960
201564945480024064
201564458353573889
201562605733675009
201559043867811840
201546006716878849
201539033275445248
201539000647954433
201538909732220928
201538656954105857
201538520077180928
201538450288164864
201538375377895424
201538375138807808
201538005280890883
201530615089209344
201530246586044416
201529660943773696
201529561161269248
201529529393623041
201529430189944832
201525992261562368
201737537033748480
201736362565701632
201734023784038400
201734008273514496
201732378853511169
201731549421518848
201731516898869248
201731325940613121
201730888399192065
201730860259622912
201730638796169217
201729158689193984
201728006090268672
201722758823018496
201721486652866561
201721197182984196
201720481496313858
201720095125405696
201719936119341056
201719798495850496
201718143012454401
201718106798829568
201716882745733120
201716778966069250
201715023054245888
201712770394243072
201712385231302657
201710199772422144
201708952591937536
201708444661727234
201708316102098944
201701671808675842
201700244772241410
201699848884457473
201699666620989443
201699277288914944
201698080242929664
201696796664279041
201692364304171008
201689823227027456
201688674155503616
201688233606782978
201684537909051393
201684137952821248
201683265541775360
201683206720864258
201682657116045312
201681932097028097
201681600604422146
201681388485881856
201681232789118977
201680837773754368
201680832916754432
201680810670174209
201679945418809344
201679873272590336
201679801617100802
201678835996033025
201678171953831937
201676997347393536
201676353278451712
201676322110582786
201676192804376576
201675732416593920
201675413724995586
201675125005889541
201674706091376640
201668787450290176
201655734155485184
201655067919654912
201654333010493441
201650668329644032
201650508707020800
201649406242590720
201648760697266177
201648525879160832
201648312175173633
201647818673360896
201647211472359424
201646425459789824
201645685039304704
201645379899506688
201645349847314433
201645183236980736
201645137128992768
201642911375429633
201642587122171906
201642075844919296
201641312334774272
201641035393273856
201640571067052032
201640341873504257
201639930848489472
201639928843616256
201638331052851200
201638006719918080
201637971827507201
201637571044974593
201637318107475969
201637180471394306
201636771098935297
201636725599125505
201636632305221633
201636366868692992
201636249319124992
201636099012050946
201635824171884546
201635793226309633
201635763882967040
201635350853074945
201635347476643840
201635022711697409
201634793677537280
201634718867931137
201634410548822016
201634058013392896
201633981324730368
201632935365984256
201632267028799488
201632246866771970
201632179665649665
201632136233631745
201631900954144768
201630822497923072
201630730881740801
201630711545999360
201630626250625024
201630452744847361
201630168551391232
201630156647964672
201630139136745472
201629962497826816
201629620175519744
201629263949082624
201628990782455808
201628695851569152
201628548719591424
201628511851659264
201628271966818304
201628117582884865
201627999525810177
201627933348077568
201627842612695040
201627588517572608
201627125751611392
201626843982467072
201626555879919616
201626307145117696
201625236502884352
201625193775509504
201625152771989504
201622615541030912
201622183729041408
201621929457762304
201621747332681728
201621669490593793
201621342385213440
201621288832339968
201621239561859072
201620991108067328
201620718939680768
201620263958355968
201619831127154689
201619629536321537
201619377311850496
201618973278736385
201618971315802113
201618896522981376
201618864054870016
201618582780645377
201949231253159936
201948640288321536
201948263321047040
201946162394177536
201943900234063872
201942271413858304
201939717858660352
201937101397299201
201934082270167040
201933700085198848
201933679864446976
201933150589427712
201932816630558721
201932283270275073
201932175652823040
201932175640236033
201932134418620416
201932134338936832
201932093071171584
201928086600695808
201927242262130688
201927157428125698
201927066130722816
201924720302637056
201923586469007360
201823223099293696
201821490461679617
201807255996342272
201789013521215488
201775404594368512
201775139862482944
201766354397835265
201766149262819329
201765041178030080
201760861004636161
201760583996022785
201760432598429696
201759824680206336
201754226462965761
201752869383323648
201750437643296769
201747973426782208
201747861870882816
201747757936029696
201747366401937408
201746195964637185
201741627990097922
201741512114053121
201739693195395072
202154393318072322
202122074007928832
202121378604920834
202119864104648704
202116211339825152
202115139485433857
202109859058024448
202108803725012992
202108481388552193
202105563058929664
202104062894817281
202099528306933761
202099184504020992
202097804544454656
202097305321603072
202086464782213120
202080394160521216
202079669829373953
202075789355786240
202075569913987072
202074741610258432
202072703551811585
202071189613584386
202069648592732162
202068846390165504
202068727334846464
202068581880573953
202067414576406529
202067004763545601
202066646335098880
202065851745181696
202064605491638272
202062390412591104
202061159820570625
202060175660687363
202058253981597696
202058026214113281
202055323404607488
202055268178198529
202054995015766017
202047804397469697
202046137992085505
202040773691183105
202040370039750656
202037032015503362
202036780403404800
202035479540006913
202034703887372289
202033629176659969
202033043454693376
202032819931848704
202032290547773442
202031911374307328
202031657950248963
202031632520187905
202031518191853569
202031312469622785
202031276650283010
202031078817529860
202031001726238720
202030978137464832
202030894041673728
202030872977866752
202019081396822017
202015544059244545
202015147655577600
202014741747597313
202014688735805440
202014118620839937
202014001683640322
202013685101764608
202009263705571329
202001897136193536
202001665614815232
201994747978584065
201979678817386496
201978683811037184
201978457356378112
201978079869018112
201978075561472000
201975857064050688
201971841085079552
201970246431678464
201965221953282048
201964733472063488
201964237009076224
201963620077289472
201962291648937984
201961352242278400
201960963161862144
201959049523236865
201958867670794240
201956160234995712
201956141209624576
201955570452938752
201954997028659200
201951606755954689
202369193268617217
202368460678901761
202367892627537920
202367397854842880
202365244255903744
202362428690927616
202360953382240257
202358045861351424
202355418046009345
202353943823663104
202353476100034560
202352474382811137
202350374970068992
202350297543225344
202350263049269248
202350162088169472
202349131153412096
202348081822441472
202347869611622401
202347632398569474
202345717866561536
202344865185529856
202333460315127808
202333457702076416
202333395731234817
202331014675181568
202324589148246017
202323469470404608
202322552704614400
202321924360110080
202321251874783232
202321204231680000
202320578978398210
202318568254218240
202317866698158080
202306457658593280
202303637983207425
202301084214108160
202299310208057345
202298552779681792
202297750535151617
202296874194055168
202295737487327232
202294792074432512
202294518953947136
202294478265004032
202294229861531649
202294190279897088
202293268732575745
202292346027642880
202288400114515968
202181251602460672
202169787864973312
202169601482698752
202165602029285376
202546395645874176
202546320953704448
202540130832097280
202540022967185409
202539922920439808
202539827214811136
202534472401424385
202533562203910144
202532848970891264
202525469155934208
202524180208566272
202523210942656512
202521159424679937
202520212216619010
202519135601704961
202518678607106048
202518611062046720
202517864564006912
202517627363528704
202517292658077698
202515049837895680
202514880912310272
202514750628839425
202514208997388289
202514140756058112
202513816079187969
202512939142488065
202512473214029825
202512212227653632
202512166287441920
202511836929720322
202511731480723456
202510608749428736
202510403639578624
202510356122312705
202510232692334592
202510182478131200
202510041071353856
202510018019471360
202509987573018624
202509408599670784
202508875277139968
202508842456715265
202508836991545344
202508787796541440
202508718426959873
202508484732923904
202508332781670400
202508170575360000
202508019374891008
202507969655615489
202507108300767232
202506876330577920
202506753714294784
202506721183268864
202506549090979841
202506437006598147
202506370115837952
202506271918792706
202506265547649026
202506240843202561
202506237957509122
202506214419087360
202506205489405952
202506202670837761
202506188682829824
202506174053093376
202506124518359040
202506089319772160
202506033472606209
202506005148479489
202505981639409665
202505961762603008
202505853209808896
202505773794852864
202505734796230656
202505711534612480
202505668127756288
202505616919506944
202505609998897153
202505574628335616
202505541245878272
202505536757956608
202505490561904640
202505488192126977
202505471557500928
202505470055956480
202505458546774016
202505314317238272
202505290841718785
202505274542653440
202505241982283777
202505213284847616
202505197019332608
202505119990943744
202505099363352576
202505046448025601
202504923512963072
202504875655958528
202504807360114688
202504784350154754
202504721657901056
202504671116537856
202504453868367873
202504305234817025
202504251203788802
202503957258579969
202503955811532801
202503876673409024
202503615544438784
202503568975069184
202503337176870912
202503049003012097
202502962721988608
202502071092649984
202502062976671744
202501908504649729
202501789772288000
202501453800161280
202500903448752128
202500753716281345
202500717016121344
202500697923661824
202500632115036160
202500624057778176
202500508018147328
202500130006515713
202499835616698370
202499672034652160
202499640816439297
202499569064493056
202499436318957568
202499367423315968
202499173558394881
202499033472843776
202498890807787520
202498880670142464
202498854850015232
202498742409113600
202498584086720513
202498532228341760
202498106439368704
202498021378899968
202498019390787585
202497976009109507
202497791791083520
202497540095098881
202497415654289410
202497386810064896
202497301661499393
202497274268491776
202497220161970176
202497121973317634
202496897632579585
202496802669334528
202496700038905857
202496692178796544
202496615443992579
202496601523109888
202495996494753792
202495951716356096
202495921492213760
202495744316424192
202495629941948416
202495622174089217
202495616838926336
202495599881359361
202495576149983234
202495573469827074
202495571615952900
202495485318135808
202495446210457601
202495443794538496
202495441324097536
202495326563733505
202495240827977728
202495194506067968
202494958962360322
202494839269494785
202494771393073152
202494761398059008
202494701864103937
202494672470425600
202494556481134592
202494497194643458
202494446124793856
202494319884640257
202494237047140353
202494201210994690
202494044167880704
202493782502027265
202493779297583104
202493690479001600
202493616738930688
202493424249749505
202493364862586881
202493222356918273
202493193550434306
202492873998991360
202492614195425280
202492477666623489
202492413363761152
202492003437654018
202491871967199232
202491837058002944
202491821253853184
202491685236772864
202491480189829120
202491314145738753
202491295342657536
202491272584364034
202491228061831168
202491193484001280
202491180083183616
202491163012370432
202491144305778689
202491128526807040
202491116392681474
202491099003105280
202491080820785152
202491066757292033
202490868555452416
202490843356069888
202490828940263424
202490401146417154
202490123038900225
202490059289665540
202490017707327490
202489934613983232
202489410036568064
202489360875130881
202489309419409408
202488939569881088
202488743947550720
202488252513533953
202488022875389952
202487885428035585
202487799042154497
202487790376726529
202487751378079744
202487479952084992
202487453473452032
202487427347136513
202487337253474304
202486974089670656
202486853662810113
202486826794102784
202486796989366272
202486669503500288
202486656006238208
202486633189212160
202486627690483712
202486545335320577
202486261292871680
202486173648695296
202485986037481474
202485977124569089
202485924578328576
202485821067112448
202485663151558656
202485543089610752
202485512995475457
202485472327512064
202485398809747458
202485396314132481
202485218379173889
202485204546371584
202485203128684544
202485178621370368
202484957036298241
202484911058333696
202484899213619200
202484874463035394
202484746549342208
202484612964941824
202484275126337536
202483021381771264
202482915907616770
202482692506402817
202482666870816768
202481842530680833
202481625882304514
202481104953950209
202479787598553090
202479126152626178
202478469861474304
202478358469165058
202477746461487105
202477345062387714
202476901590241280
202476784468492288
202476501923409922
202476108489310208
202474587198468098
202473844819230720
202472583462010880
202472325893984256
202472143806676993
202472012252327936
202471932451500032
202471856777854976
202471697587257344
202471467642929152
202471387112280064
202470877403688961
202470474792452096
202469464854372352
202469380867637248
202469006278541312
202468780494958592
202468457365766144
202468215593504768
202467845727207424
202467789020217345
202467339218857984
202467263897534464
202467193252884480
202467116992040960
202467086751113216
202467045911183360
202466809776050177
202466652191862784
202466544830251009
202465780644843520
202465775259353088
202465724336312321
202465588960956416
202465511156613120
202465429401239552
202465268969111553
202465198764863488
202464926529363969
202464597561716737
202464356355674112
202464331433123840
202464071566635009
202463925357379584
202463925156057089
202463855069245440
202463747791536129
202463709837262848
202463648965337089
202463533500350464
202463532070088704
202463498339491841
202463456450969601
202463287680577536
202463246182121472
202462927431798784
202462884545044481
202462884226281475
202462854123761664
202462707826429952
202462449188880385
202462265134428160
202462134649634816
202462022493941760
202461961668145153
202461799986114560
202461692590952448
202461495471255552
202461413501960193
202461313929199616
202461037058985984
202460514473869313
202459316190580737
202459173814935552
202458437475500033
202458407536566272
202457422005153792
202457297795031040
202457128756183040
202457089161965568
202455281521790976
202455105595908096
202454709049626624
202454373291401218
202454313933602817
202454211588395011
202453123967619074
202453069789806592
202452917482029056
202452858719846400
202452835764416514
202452642545414145
202452125245112321
202450855897731072
202449155778551808
202448527098519552
202447938306310144
202447688539717632
202447609200254976
202447073684094976
202445547867602944
202444856356913152
202444618128834560
202443971203567616
202443619947393025
202443500069994497
202443499637964801
202442749398626304
202442165476016129
202440379277131776
202440106655748096
202438589102030848
202437194340765701
202435474701299714
202434396400259072
202434143248846848
202434062940520449
202433588745089024
202433353159409664
202433259869708288
202433031821197312
202432896424869888
202432304340152320
202431926534021122
202431723001233410
202431611847974913
202431544512610306
202430725922881536
202430629260963840
202428591634513920
202428442170507265
202427592295452672
202427424594595840
202426580369281024
202425951953489921
202425925441298435
202425688253415426
202425655487508483
202425455331115008
202424441798541313
202424371074183168
202424356628987905
202424253386199041
202424101095215104
202424019000102912
202423997198123008
202423794625806337
202423569421049856
202423487103631360
202423376571142145
202423239815864321
202423176200859649
202423134941495296
202423074388312066
202423067815849984
202423036543111169
202422964157812736
202422926111293441
202422854036369410
202422848395018242
202422723681583104
202422416524316672
202420996433645569
202420771597987840
202419777938001920
202418454526050305
202417400749096960
202416898409902081
202416519085424640
202415621428883456
202415555628630016
202414501591658497
202414301309448194
202413264573968384
202411952453058561
202411855145209857
202411831250259968
202411787235237889
202405667917668353
202401254792638464
202395998864154624
202393232599031808
202387527280246785
202387466383130624
202386107139244033
202386067725369345
202385458645315584
202383888692158465
202382939688927233
202381745583173632
202381073680826370
202380049859620864
202379911497920513
202378461728346113
202378231607869441
202378188792401921
202378168252903424
202377875406594049
202757055642214401
202757026781216769
202735139904696321
202717647601803264
202696654271426561
202693789238824960
202661296154484737
202661254194663424
202654338705920000
202653655600603136
202650795638927360
202650334441635840
202642711378018305
204951259776688128
202863568973082625
202862959490371584
202834359273783297
202833131647156224
202832963673661440
202832817636380673
202831990381215745
202826331648569344
202825819897331712
202818736309272576
202782067778531328
203179582680076289
203179469085753345
203179387095498753
203178357502914560
203178102497615873
203177295266070528
203177055502872576
203176448935215105
203176372707934210
203176180470394880
203175991491833856
203175469233881089
203175158947643392
203175139624488961
203175119936438273
203174863547011072
203174847528964096
203174540984061952
203174098396917762
203173784025448448
203173716115468289
203173539422027776
203173515178946560
203173400481497088
203173388213166080
203173246420525056
203173067629928449
203173007512965120
203172961610502144
203172949103087616
203172010757591040
203171924946337794
203171768427495425
203171548385918976
203171349273915394
203171193266769920
203171022621507584
203170721709568001
203170556747583488
203170128278462464
203169590715490304
203168998777556992
203168945845440513
203168662448910336
203168512385105921
203168489584861184
203168149531656194
203167823760076801
203167817145663491
203167248976850944
203167238998597632
203167060883275776
203165716432699392
203165427424178176
203165179385622529
203164923860226048
203164372292468736
203163605796012032
203162979775160320
203162919716925440
203162883406839810
203162870454829056
203162623464841218
203161532450873344
203161161301098496
203160512077381632
203159875272974336
203159450822000642
203159207619465217
203158716042846209
203156573923713026
203155950679490561
203155290085003264
203155233008926722
203155194207404035
203155180731109376
203108379357491202
203081558528241664
202993193241939968
203376154093162496
203355560672894976
203354513233559552
203354036475412480
203353777510678528
203260116496158721
203259197658378242
203258324668526593
203257796299468804
203255462890713088
203255407681089537
203255198280458241
203255195877113857
203254811255242753
203254519696601089
203254303123701760
203254300967833600
203254160488013824
203253690268794880
203253487205761024
203252650635038721
203252412000116737
203252167182786560
203250030503657472
203248967851589634
203244480021803009
203244201444507649
203240553687678977
203240465175293952
203239773723295744
203239552377303040
203239415353573376
203236941066551299
203236788070912000
203230822982090753
203230371079397376
203220790106259456
203217749412032513
203217626925764608
203217461867323392
203206588587188225
203204495314911233
203203475423764480
203201066840502272
203200086690373632
203198160569516033
203196487629418496
203195785842655232
203194889658302464
203194189356335106
203193451121094656
203193266722713601
203192966876106752
203192585257353216
203191738091835392
203191718034681856
203189405630996480
203189378791636992
203189178517819392
203188422343536641
203186522101526528
203186241980727296
203185782712836097
203185485915492353
203185340368957440
203184299128795137
203184165942853632
203183673032450048
203183418081673216
203182210902278144
203181832467005440
203181714414112770
203181434452713473
203181155644747776
203180527631601664
203180251960971264
203180205655859200
203180115327320064
203587211583692800
203576801136623616
203576202026430464
203576027958616064
203575625435447297
203574953688301569
203548843688730625
203546047392395266
203546037233790976
203517086973169664
203499465028534272
203490169842708480
203490114075238400
203486838344781824
203477692564258816
203477376020127745
203449838803759104
203445660534579200
203445472973692929
203427765729505281
203427409222057984
203424023252709376
203423456119885826
203419331630084096
203413677997690880
203399184160796672
203380069383680000
203378923092971520
203378637435703297
203378044587618305
203377934365491200
203810647513903104
203592178251993089
203589899109150720
203914512280203264
203892501923373056
203892143171973120
203890277662998529
203889359039115264
203888709471449090
203888107286835201
203887506926739456
203887393068171264
205813949155909632
205811712388120576
205807991121903620
205807538032222208
205807042290659328
205805564469587968
205803992155029504
205802182698729474
205801391984353280
205801316914708480
205800324164894720
205800207311581184
205799686337081344
205799191929294849
205798961980772352
205798720292397057
205798621566869505
205797365112778753
205797127903903744
205796865093025793
205796480085270530
205796309989470209
205795773940637696
205795710866694144
205795639492222976
205795370935123968
205795303796899840
205795133080342528
205794738392154112
205794450172149762
205794284245495809
205794073309745152
205793965176393730
205793617149820929
205793556084948992
205793550384902144
205793347305086976
205788660161986560
205788377205833729
205785258443018241
205785049080143873
205783866911375360
205783675529474048
205782081270329346
205780073616379904
205778911802560512
205778640749854720
205776771575070720
205772675375828995
205770802115784704
205750195512819713
205747726678364160
205743198759432192
205731017691119616
205727011023495170
205726644080619520
205724510194892800
205724265599864833
205724082552053760
205723337488482307
205723096328585218
205723072643346434
205722921681956864
205722865134342144
205722819424829440
205722810755194880
205722423922929664
205717454868070400
205717018916306945
205715503782707200
205714778797252608
205714464836816896
205713925378027520
205712454590795778
205712391856599040
205711871372832768
205711814472900608
205711269305647105
205711074366984193
205710459683340288
205710293584711680
205710214467551233
205709835700944896
205709461128617984
205709450961616896
205709021578137600
205708915546144768
205708508602175491
205708250304364544
205707721176133633
205707103107682305
205706933641027585
205706547962187776
205706426100883456
205706345826103298
205706163243859969
205705848826241024
205705787258044416
205705495409999873
205705459183792129
205704517277327360
205704233461350400
205704102745870337
205704081048731648
205704027340685312
205703820121096194
205703707269152769
205703581121257472
205703553417879554
205703386820116481
205703107643060224
205703082926030848
205703020674158592
205702844832161793
205702767363358720
205702722568204288
205702579173330945
205694213831139331
205694151180816384
205681775962365952
205672628999028737
205650360952569856
205648925154222080
205636559964352513
205616408585977857
205613881563955200
205611787733839872
205611508519026688
205610712729530369
205610625395724288
205586054273699840
205412769032454144
205410417340723200
205410149697994752
205409196315906048
205405538027175936
205404781043384320
205404746922729474
205404571877638145
205403774762745857
205403650221289472
205402902901166082
205402811901558784
205402761871900672
205402508070354945
205402354143608834
205325039648772096
205324635804413952
205276296522113024
205270573226524672
205248294123880448
205248165224521728
205238807900078080
205238307146317824
205238040803807232
205237780022960128
205236170400071680
205236141241278464
205235395691163648
205235267932659712
205235144972451840
205223931681050624
205061250697265152
205053683950559233
205053607702306818
205052154556321793
205046515704659968
205046416551329794
205046324234690560
205046252910542848
205045923401830402
205045181479796737
205044863744479234
205044784203706368
205044673885114368
205044285215735809
205042969429016576
205042371405152256
205042180425924608
205041748584574977
205041247822413825
205040064600875008
205039859696541696
205038575467757569
205038504391094272
205037724615454720
205037212063117312
205035845126864896
205035809269751808
205035362349887488
205034236477063169
205034029551071234
205033492382359554
205031951772561408
205030879481954304
205013416635670528
205007815914426369
205006597108404225
205003880981987331
205003080171921408
205003028737163265
205002125900660738
204997760544538624
204997061186297857
204996594955849728
204996539423272960
204996228734386176
204996195821699073
204996112015306752
204995963952173057
204994577269145600
204993268956672000
204992796820647937
204992202160615425
204991289110966272
204991168457613312
204988164467728385
204986410770501632
204986381443928065
204986295494246400
204984136170078209
204983965306716160
204983876404264961
204979723850366976
204979644280213504
204979549254074372
204979044473769984
204952362744414208
204952141645889539
204951666934546433
204951352487591937
204951209029812225
204950494903402496
204950217630556162
204949829330272256
204949166944813056
204931556345782274
204931001682636800
204914983706968064
204914618349518848
204914560493293569
204909912478846977
204905270269329408
204905246198218752
204905222110314496
204896237139394561
204894000396775424
204893456793993216
204892128093016064
204888083433398273
204887974591201281
204887942135676928
204883103435591680
204874816682078208
204871772053573632
204869611076845569
204869537378734080
204864931403804672
204722243677323266
204695656210776065
204687220924354560
204684594354720770
204681385905098753
204681248952680449
204679098520453121
204678482679173121
204675684159848450
204671188906151937
204671181570322432
204665634162876416
204663820050903040
204662577333153792
204660078186463232
204659453767856128
204659025579741185
204599382497177601
204593688599474176
204593221689540608
204577126668697601
204576952739303424
204575997444628481
204573281783787521
204499254683779072
204496475961556993
204492928599597056
204492848370954240
204359702136627200
204334257450135554
204243253871128576
204242461214785536
204232039807979522
204229322163236864
204229162293137408
204229118819172354
204229062250594305
204229015869997057
204168974244655104
204160180550770689
204157532640518144
204157290167812096
204157010399338496
204156954791260160
204153218354266112
204153048757575680
204152824597188608
204133757576417280
204133742590173185
207274932994977793
207240381946019842
207238981430165505
207162697861693440
207162094582382592
207161979280949249
207158569357942784
207157866757500928
207157399650447361
207145147534819331
207129834810384384
207127432279506944
207112520366956544
207107595733958656
207104572257349632
207103797720399872
207102040021794816
207100023027138560
207097621062488064
207095598837542912
207092890923565056
207091818016407554
207090876281917440
207090699487813632
207090568281591810
207090323401342976
207089271197274112
207088986076876801
207088576108834816
207087910443433984
207087880152170497
207087743476576256
207087594893357056
207087489133977603
207087465721380864
207087438550663169
207087366521888768
207087355163709441
207087280656093184
207087121901690881
207087077119107072
207087018176548865
207086775221493760
207086499903184897
207086163276742658
206909596265226240
206903088769011712
206825825100767232
206737628094144512
206411746846576640
206411553824702465
206411480806072321
206411375688425473
206411051753930752
206339910536400897
206330614549458945
206328165965115392
206320882283577344
206319785070436352
206220652787662848
206075632453566466
206066206623531008
206065780679393280
206064960927825921
206060609584889856
206057063338618881
206057038604808193
206056085084311552
206050635093782530
206050564239400960
206037036250050560
206036997125574656
206036978070859776
206032581974691841
206023995659796480
206023897202688002
206019057470812160
205986261075374083
205984872077070336
205983622539395074
205981395540123648
205977253723648000
205975776720461824
205975505374167041
205975470011985920
205975434788208640
205975181796179968
205959340639789057
205955362581524480
205949288210116608
205947397304614912
205945061538676736
205889481235120129
205836180141522946
205836143051288576
205821018693042176
205820178813042688
205818798027182080
205817774080139265
205817103893282816
