202212279083732992
202211411978485760
202211280390602754
202209966583582721
202209678632042497
202209188246585346
202209024769400832
202208830770266112
202208528260284418
202207199521538051
202206672851185664
202205842169282560
202205590796251139
202205073806331904
202203021982171139
202202400285667328
202201882242973696
202201444814819328
202201201494851584
202200587071258624
202200247118733312
202199772726177793
202198766646870016
202198067351535616
202197972111470592
202196796829736960
202196563118931969
202195502584967169
202195157939003392
202195108639162368
202194765150830593
202194577522823170
202194372173901824
202192945783386112
202191927720947712
202191546936860672
202190244118925313
202189604852477952
202189474233466880
202189438313431041
202189438141480960
202189427810902018
202189426061877249
202189425537597440
202189416368840704
202189414825332736
202189411243409408
202189409267884033
202189397624487936
202189395980328960
202189391681167360
202189387625283584
202189381442879488
202189356365123584
202189348047814656
202189346672099328
202189346261057536
202189327051145217
202189315818790915
202189300610236418
202189284046929920
202189267873710081
202189259292160001
202189252593860609
202189241768353793
202189232159207425
202189218087321601
202189209778401282
202189203411435521
202189197363261441
202189185992491010
202189168607105025
202189161942364163
202189155441192960
202189154107404292
202189144452112384
202189142757621760
202189134687768576
202189127100276737
202189098402852865
202189096012095489
202189081634021376
202189037753217025
202189029440102400
202189019877089280
202189006463705088
202188987966828544
202188972896686080
202188967586709504
202188965762179075
202188957470048256
202188945977651202
202188945604349953
202188945390436352
202188930135756801
202188919817773056
202188898003193860
202188892995203074
202188891237777409
202188887978819586
202188880324198400
202188873034506242
202188859155562499
202188837630377984
202188828511969281
202188822329565184
202188810635845632
202188810149302272
202188793116241921
202188770236305408
202188765974896640
202188763999375361
202188754872582147
202188744147742720
202188733796204545
202188728721092608
202188728100331520
202188716477911043
202188700501815296
202188686765469696
202188675784785920
202188671615639552
202188669757562880
202188668285370368
202188665504538627
202188660710445056
202188655060713474
202188649062858752
202188637012639744
202344026362478592
202316617143689217
202287494803361792
202209632117202944
202208719407284225
202205215380873216
202204764774203393
202204122047459329
202198688112721920
202198403252363264
202197576299200512
202196761870221313
202196670107222016
202195682310893568
202195201215840257
202194599463231488
202194522514526210
202192924891553792
202192284710735873
202191315373539329
202189953923428352
202189943940976643
202189942103879680
202189939570511873
202189936949084162
202189935145529345
202189929160261632
202189929105719296
202189925976784896
202189917026136064
202189914031403011
202189900504768512
202189889238867968
202189887179468801
202189877176041472
202189871241101314
202189864752513025
202189849539784705
202189843076349953
202189838282260480
202189833987305475
202189833555279872
202189832057913348
202189827423211520
202189809731649536
202189807064064002
202189798860013569
202189796796399617
202189793319333888
202189738302640129
202189737799327745
202189724251734016
202189715280113664
202189709227720704
202189701006888961
202189698226065409
202189694379888640
202189658040442881
202189650750738432
202189633264697344
202189625266147328
202189621977817088
202189613832478720
202189606588915712
202189597709565952
202189581192396800
202189577207816192
202189532316176384
202189509868265473
202189509494968320
202189502280769536
202189500946989056
202189487785254912
202189487688790017
202189487089004544
202189483888738304
202189478410989570
202189473042280448
202189465089871874
202189440163119106
202204986850025472
202190462394707968
202190451472736256
202190451275608064
202190426516627456
202190424025219072
202190401950584833
202190396267298816
202190392945418240
202190386423275520
202190378475073537
202190370698825729
202190345839181825
202190339564519424
202190336410402816
202190328600592385
202190326469894144
202190322757939201
202190316458090497
202190307297738752
202190305267683329
202190303862587392
202190299366297600
202190298653261827
202190296870694913
202190291032215552
202190287576113154
202190283104976896
202190282446483456
202190269188292608
202190268164866049
202190266810109952
202190265111429123
202190252562071552
202190241006747648
202190240650240001
202190208035340289
202190207003525120
202190203790688259
202190187009290240
202190175311380482
202190171343556611
202190156302790656
202190142889398272
202190127915732993
202190126300930048
202190114686906368
202190109297229824
202190096190029825
202190072760647681
202190046378467329
202190030586904576
202190023506935811
202190016015904768
202190008512299009
202190001210011648
202189990954934272
202189982067212292
202189978141331456
202189966690881536
202189959841583106
202189956607787008
202191231609081856
202191229709074432
202191220464824321
202191219269451776
202191206984327171
202191190110633984
202191189544407040
202191182963539968
202191178521784321
202191177875853312
202191155838980096
202191107629645825
202191107419942912
202191103275974658
202191102164475904
202191100889399296
202191094103019520
202191088948228097
202191079204859904
202191064705142784
202191043473571840
202191038088101888
202191035328245761
202191027384238080
202191002897879040
202191001169833984
202190971914555392
202190951278575617
202190930877493249
202190924451815426
202190908416983040
202190907724922881
202190891652358146
202190890989666306
202190878075404290
202190873289687040
202190861331730432
202190855904296962
202190830486822912
202190818365288449
202190809473351681
202190798664630272
202190790213124097
202190744256126977
202190738212143105
202190732705005569
202190728443592708
202190725151068160
202190706465443840
202190679999381505
202190674362236929
202190669324894208
202190650580537344
202190634797379584
202190624684912641
202190623686664193
202190623137210368
202190608146759680
202190598571175936
202190591470206976
202190583475871744
202190575162753025
202190561740984323
202190543793561601
202190543709675521
202190505386315776
202190504501313536
202190504471969792
202190486201577472
202190468069605376
202212027647791106
202209488789442561
202209373223792641
202208840001921024
202207956937359360
202207553441112064
202207018029821952
202205690788446209
202204970265751552
202204204192894977
202203844254498817
202202016846581760
202201001564962816
202200668663066627
202199931593830400
202198447930081281
202197097867517953
202195804126056448
202193231507750913
202192985570553859
202192550029832192
202192420182560768
202192004430565377
202191296893435904
202191295861624833
202191293709946882
202191288265748482
202191283035455488
202191270746136576
202191263334793217
202191244057788419
202191234935169024
202191232947060738
202209855547772928
202202713784721408
202197043400282112
202192142981021697
202191314975068160
202191389268770816
202191388413140992
202191382759211008
202191353193578496
202191339633389569
202191333727813632
202191330682748928
202191326790422530
202191324076720128
202191441664028674
202191440007282689
202191432742735872
202191426308673538
202191413969039360
202191398974394368
202191976857219072
202191960621056002
202191950563131392
202191933693624321
202191907319844866
202191905243672578
202191902295072768
202191896188174336
202191884561547264
202191871206899712
202191859743854593
202191848427622400
202191848100466688
202191847618134016
202191838260625409
202191831176450049
202191800620953600
202191798431514624
202191787660541953
202191770195476480
202191761202888705
202191745365180416
202191743842660354
202191704781099009
202191691283828738
202191678449258498
202191659805577217
202191646534795266
202191641992372224
202191619292794880
202191610417647616
202191566058684416
202191559561719809
202191555300311041
202191551689003008
202191550187450368
202523943981158400
202192050068799490
202192049561284608
202192044746219522
202192038471536642
202192035946577921
202192034373709824
202192028417798144
202192013683200001
202191978300059649
202192154536329216
202192146709753856
202192133543833602
202192122177269761
202192120063336448
202192119337717760
202192115634151425
202192080871768064
202192075465293824
202192075360440321
202192059027824640
202192199146938368
202192170055241728
202192252553011201
202192231724097537
202192224916738050
202192204993794053
202192202540126208
202192338292965379
202192334820098050
202192330554490880
202192327043858432
202192307561299968
202192302712696832
202192301521514497
202192295125196800
202192271624503296
202192265295306752
202192341518385152
202192402813952001
202192387508932609
202192611379916800
202192610843037696
202192606841679874
202192589955407872
202192587816316928
202192556581326848
202192551921455104
202192533462335490
202192523534401537
202192483885645824
202192465766260736
202192462939299841
202192448670273536
202192447361662981
202192429380677632
202192423919685633
202192422229377025
202192421025628161
202192415484936192
202208180829294592
202206224308117505
202192639938924544
202192624084455424
202192620817092608
202192617365188610
202515821640167425
202515578550886400
202515386606952450
202396551295942656
202390286142410753
202388583179497473
202386680181825536
202266526663970816
202199066719961089
202198361573564416
202197331754487808
202197068482228224
202194927034175490
202194031529312256
202193760124280832
202193133793050624
202192795224637440
202192707156836353
202192690878746624
202518537095479297
202516520235040770
202193149769158657
202193142311694339
202193131683332096
202193116080508930
202193095914295296
202193054021586944
202193053962874882
202193044848652289
202193036778807296
202193034220281857
202193003383754752
202192976808652800
202192973402869760
202192950808162304
202192945892442112
202192933401788416
202192925717823488
202192912677744642
202192910379257857
202192883447631872
202192874157244420
202192853806489600
202192847884128256
202192838925094913
202192812215775232
202192798127099904
202192779617648640
202192773770780672
202192772344721408
202192768439824384
202192768259469312
202192731295059969
202192730733027329
202192702878650369
202192669198401537
202192655013265408
202192651326455809
202192646515589120
202193264462401536
202193261056626688
202193255058780160
202193250344378368
202193190814621697
202193183365545987
202193166080806912
202193314240397312
202193294980161536
202193269155840001
202193340643553280
202193314940862465
202205476686004228
202194617196748800
202203622434553859
202199569436643328
202197061465161732
202203712117161984
202195267997548545
202202328206544898
202200810229207041
202199254826106881
202195914444640257
202519176865267712
202193447237586944
202193433618694144
202193421451018240
202193400743739392
202193382204907520
202193364458815488
202209271251873793
202193545946345474
202193543215857664
202193536190382081
202193511519502337
202193476937453568
202193467068252161
202193451792609281
202193551864496130
202193621909377025
202193577214885888
202193746983518209
202193719695388672
202193703811547136
202193703069159425
202193660148846592
202193631203954688
202193948935073793
202193932912828416
202193821382094850
202193808702709761
202193785948618753
202193776452706304
202193750993276928
202193962868539393
202778440871583744
202756370557181953
202194007139426305
202193991561789442
202193976416149505
202198999715946497
202194027204968448
202194026789740544
202194225184522241
202194225046110208
202194187695816704
202194139318726657
202194135594172416
202194119110565888
202194117739028481
202194098394902530
202194072172118016
202194036998668288
202195585871257600
202195365942927360
202194239713579009
202194235196321793
202194282399006720
202194255077326848
202194595797401600
202194578147782656
202194553422348288
202194519746293760
202194514927042560
202194503757594624
202194479195750402
202194479044771840
202194460434640899
202194447176450048
202194441455411200
202194431011598337
202194393292222464
202194385490812928
202194372035485697
202194362166284288
202194360362745856
202194352053821440
202194326376296449
202194307774545920
202194691435921409
202194674016989184
202194656132476931
202194643822194688
202194608602611712
202194595940007937
202194762902667266
202194759903739904
202194744204460033
202194802878595072
202194794393509889
202194792539623424
202194778748764160
202194774776741889
202194766375550976
202194959342907392
202194923905228801
202194884222926850
202194882327089153
202194880804564992
202194811388837888
202195139379200002
202195135545614336
202195128939581440
202195101693394944
202195069422407680
202195050963279873
202195022135824384
202194986886893570
202194978074673154
202194976640217088
202195142596243456
202195246010990592
202195213937147906
202195167179063298
202195147390320640
202195251300012032
202210833483304960
202208484085866497
202204540609634306
202201561869459456
202406006058258432
202195267607474176
202195266214965249
202375758310670336
202374740273397760
202374693221703682
202373650593230849
202372780979793920
202372624247037952
202372617485815808
202372203973582849
202371738019966976
202371242869800960
202371029341970433
202370555901513728
202370351399837696
202370346043719680
202370127004577793
202370102186872832
202369962210361344
202369548257734657
202369376006053890
202369348264935426
202369239645040643
202369192538816512
202369057922625536
202369005393158144
202368837998477313
202368693013970944
202368674001203201
202368649816846338
202368543013076992
202368521148178432
202368519709528066
202368508758200320
202368439103397888
202368413891432448
202368391934246912
202368143027482625
202368141286838272
202368076510015488
202368023376568321
202367967126749185
202367808225554432
202366703584284672
202366506863038465
202366473291825154
202366407319633921
202366394791239680
202366124459954177
202364714968293377
202364003593367553
202362866534318080
202362652092137472
202362651857272833
202362463113592833
202362329319481344
202362140739383297
202362070707081216
202362002943905793
202361643903107073
202360649026764800
202360586556809216
202360084699951105
202359789198651392
202359738690830336
202359718579146755
202359659754041345
202359038858629120
202358950803406848
202358796721471488
202358745026674688
202358734343774208
202358472279457792
202358052161196032
202357959035064321
202357805343195136
202357678226419712
202357587000295427
202357390589440001
202357237463777280
202357063177863168
202356738769432577
202356635988013056
202356635774103553
202356544032092160
202356318139461632
202356132604424193
202355957920038912
202355928970964993
202355841326780417
202355566713114624
202355155679723520
202355054542471168
202354799050629121
202354761683566592
202354761213816832
202354745048969216
202354701990244352
202354632821968897
202354621568659456
202354533333090304
202354414491672576
202354379204984832
202354347617689600
202354220991655937
202354195645464576
202354040347181057
202353885753520128
202353569033236480
202353420781355008
202353400703238145
202352775785488384
202352591806541824
202352541470691328
202352352462770177
202352270166335489
202352171319177216
202352159038242816
202351976644751360
202351214820720640
202350308020592640
202350247656165376
202349948405157889
202349945133608960
202349789839507456
202349507797721088
202349149222486020
202349075851509761
202349022734860288
202348698557095937
202348523914661888
202348428729139201
202348291034329088
202348172595572736
202348029569806338
202347412730281985
202347330308018176
202346906620403712
202346867059728386
202346331866542081
202345523481559040
202345338424659968
202345161232093185
202345025424736257
202344833283657728
202344554135949312
202344410879496193
202344340528439296
202344200853913600
202344175918784512
202344156222337024
202343944095416320
202343726167752704
202343659872591872
202343637986709505
202343593627746304
202343550174769152
202343500069609472
202343479291023361
202343442184024064
202343432952365058
202343205113565186
202342648005132288
202342569370329090
202342505277165569
202342496901140480
202342335307186177
202342174363357187
202341792752992256
202341480814223361
202341360546742272
202341148478537728
202341114383044608
202340422410969088
202339650520612864
202339572649164800
202339438968320000
202339415866089472
202337598042144768
202337290129911810
202337135708221441
202336815691218944
202336216585216000
202336139145777153
202335994240970752
202335924896546817
202335837512409088
202334963796934656
202334955567718401
202334850525577216
202334737338077184
202333815379738627
202333662904205312
202333282094952448
202333118726815744
202332960513458176
202332762374553600
202330182827245568
202330137868513280
202330077604757504
202330042007687168
202329976559767552
202329795260973056
202328653298798592
202328455596081153
202327780875182080
202327594933293056
202327481838084097
202327461344722946
202327460300324864
202327204657496064
202326693665439744
202326251657117696
202326184367898624
202326082656018432
202325950862606336
202325879479734272
202325349298749440
202325160446017536
202324847299264513
202324736557072384
202324209752473600
202324042265542656
202323958811459584
202323932588683264
202323820865011714
202323718079381504
202323363094478849
202322895932887040
202322763292213250
202322712272703488
202322512237953025
202322500376469504
202321943515504640
202321840285298689
202321803635474432
202321724790947840
202319616012333056
202318322463813632
202318051213971456
202317818493014017
202317758740967424
202317688616398848
202317467383640064
202317439244054529
202317067641290753
202316747800461312
202316638341705729
202316412889473025
202316397307629570
202315885933891584
202315639401086976
202315051993010176
202314339401732096
202313846336131072
202313187796860928
202312914345000961
202311578928947200
202311181715779584
202308744716091392
202308198143758336
202307911798636544
202307345261400064
202307046912172032
202305944124801024
202304222941814786
202303745835544576
202303684313489408
202301140833026048
202301102161539072
202300943763644416
202300432184381440
202299964926328832
202299441833717760
202299433927454721
202299257632468992
202298400065060865
202298341374169088
202298307865874432
202297771196284930
202297342957854720
202296884553981952
202296513534238720
202296223640727553
202296112470691840
202295679647883264
202294657760231424
202294585748242432
202293975263100928
202293834166697984
202293794828320768
202293348269170688
202293274034176001
202292783665524737
202292777084665857
202292322510184448
202292314364846080
202292028774686720
202291999343263744
202291296440819712
202291259220566016
202291155348627456
202290241485279232
202288634978762753
202288176121917441
202287653671010305
202287563711590400
202287422384508928
202287277970436096
202286310352887809
202286308041826304
202286156107358208
202285783342784512
202285605797892096
202285215710855169
202284994088013824
202284960843972608
202284895618347009
202284862651117568
202284809299566592
202284642311749633
202284563739840512
202284169567551488
202284167701082112
202283695082700800
202283628347129856
202283567378726912
202283335152701440
202283212104409088
202283189169950720
202282995263090688
202282920449282048
202282898559213569
202282746943504384
202282624750854146
202282545080057856
202282534921441280
202282413970305024
202281881331449856
202281584991277056
202281571166846976
202281445568430080
202281098917584896
202280874958520320
202280764212125697
202280717399502848
202279693477617665
202279434059923457
202279283174019073
202279247681814529
202278932601520129
202278893678374913
202278760073003008
202278721829351424
202278362213920768
202278245935222784
202278195351916545
202277894171541504
202276561725046784
202276445467328513
202275945061691393
202275022222540800
202273071548211200
202272939490545665
202272832015699968
202272362492739584
202272354817146880
202272310818906113
202271463905038337
202271414231908352
202270047866077185
202269801698164736
202269727815516162
202269346867855360
202269287824633856
202268945783328769
202268247398166528
202267720589389824
202267190798458881
202267076612718592
202267004856578049
202266990637883392
202266821926203392
202266703063818240
202266536495427584
202264949278523392
202262197878005762
202260560941809665
202260521414692865
202259954898452480
202259583551549441
202259200817102848
202259082827149313
202258994050498561
202258640739115008
202258602273148928
202258392604090369
202258290208538624
202256762244575232
202255300147941377
202255138688212992
202255088994103298
202255022212382720
202254507973943296
202254454106488832
202254151353241600
202254046269149184
202253868099321856
202251692580937729
202251396404350976
202251162425114625
202250947508969472
202248145747456000
202247439812534272
202246719558266880
202246286727053312
202245972003274752
202244521017348096
202244068003168258
202243556549730305
202239430235406337
202237914598477825
202237430663872512
202237094180036609
202236450899632128
202232044984614912
202231217020604419
202230654539272192
202230032100372480
202229407493009408
202228124677705729
202226500957782016
202226483249426433
202226130839810048
202225668736565248
202224415788896256
202224328597716997
202224208992935936
202223172634935296
202222722116354048
202222232620118017
202221966013374464
202221804574621698
202221619874242560
202221339174649856
202221208819863553
202221030008295424
202220996487430145
202220762738864128
202220649811419136
202220024461668352
202219865539493888
202219662870708224
202218701586567169
202218689565691904
202218555515744256
202218293581455360
202217399599120386
202217230765785089
202217081826054144
202216552983035908
202216425434267650
202216365069828096
202216264133906432
202216164330450944
202215915532730369
202214440404393985
202214030994194433
202213941626150912
202213847476600833
202213694518722560
202213449500073984
202213398639935491
202213220914692097
202212919105167360
202212872502259712
202212754159960064
202212393114279936
202212215699406848
202212151572697088
202211991782297600
202211849201139712
202211848882360322
202211810898739200
202211774894845952
202211760676143104
202211736240144384
202211610121605121
202211578169405440
202211343997214720
202211338456547329
202211145849909248
202211134407835648
202211039490744321
202211014605946880
202210949388713986
202210915297411074
202210863313207296
202210859081142272
202210824180342784
202210741607071744
202210717179457536
202210645230366721
202210207319855104
202210050733916160
202209792062799872
202209614987665408
202209582242729984
202209272371744768
202209145389199360
202208849225203712
202208623034761216
202208609147432961
202208560233451520
202208512670044161
202208476305424384
202208401898483712
202208390699687938
202208342096084992
202208299893010432
202208242259066880
202208126068473856
202208106015494147
202208054530416640
202207931855413249
202207847579258883
202207800707915777
202207785864269824
202207692293537794
202207598399864832
202207547195785218
202207213241118723
202207113060155392
202207079899996160
202206830406012928
202206696725151744
202206376011894787
202206137343414273
202205927594668033
202205631128670209
202205412047589377
202205338362060800
202205208741298177
202204749590839296
202204747585945600
202204666023522305
202204664270299136
202204500826656768
202204471760125952
202204419255840768
202204289454702592
202204221897056257
202204119111434242
202204113893728257
202204036362022913
202203991260663808
202203906019827714
202203817859743744
202203776835268609
202203772288643072
202203636275740672
202203599177138176
202203487109529601
202203410441846784
202203376514109440
202203371401256962
202203289574580224
202203243189780480
202203209924755456
202203119176794115
202203096191991810
202203063073775618
202202920144474112
202202854776242177
202202823801315330
202202788367839232
202202774094618626
202202738455617536
202202573472665600
202202506800017409
202202424201580544
202202411450900480
202202370904559617
202202347504541696
202202334808375296
202202294601789440
202202184685854721
202202090305630210
202202085922574336
202201920323059712
202201897048870912
202201888530247682
202201835849793536
202201824479031297
202201801938841600
202201722792329216
202201661651943425
202201600444473344
202201587651850241
202201577577123840
202201451668307969
202201443908845568
202201432718446592
202201366607835137
202201364791693312
202201351428653056
202201299943571457
202201297959661568
202201238463459329
202201208457404416
202201202547638273
202201155344941056
202201149728763905
202201129566736385
202201098369511424
202201089095909377
202201087418183680
202201077137948672
202201075175002112
202201063451934721
202201060553658368
202201042023231488
202201023174033408
202201020573564929
202201017352331264
202200957302472704
202200936884613121
202200907063111680
202200894463426561
202200889606418432
202200865250091009
202200864306376705
202200830710001664
202200747222380544
202200721460961280
202200708332793856
202200702355906562
202200669204127745
202200555785949184
202200526656520193
202200510634274817
202200493957713921
202200489054572545
202200464643719168
202200381546168320
202200366773846016
202200350764171264
202200350667718657
202200311081877505
202200244551811074
202200139090239489
202200115916713984
202200089861693442
202200074766397440
202200052347838465
202200052091985921
202200044185722880
202200015962255360
202200002653716480
202199982571388928
202199960383524864
202199931535097856
202199890858737664
202199865776812033
202199845908393984
202199774542299138
202199743487684608
202199714920280065
202199702308003841
202199684750655488
202199635324977152
202199607718068224
202199592664707072
202199568744587264
202199560435679232
202199543343886337
202199499676979200
202199440621178880
202199387764559872
202199381577969664
202199378268655618
202199367074070528
202199365723504640
202199359666929664
202199340775768066
202199335620976640
202199312472612864
202199311671492608
202199300636291072
202199218016890880
202199204242788352
202199197347360768
202199090770092032
202199068531896323
202198983953756160
202198976336896000
202198974193610752
202198958691454976
202198922792415234
202198896892583936
202198886406828034
202198865733107713
202198862901948416
202198828835815425
202198773974302721
202198736066187264
202198692327993345
202198688938991616
202198631510573056
202198596093874176
202198576284176384
202198574908456960
202198567769735168
202198514426585090
202198510630748161
202198497401901056
202198483929796609
202198483917225986
202198482545676288
202198475285331968
202198438690037761
202198432138539008
202198400148582400
202198396851851264
202198369781809153
202198366619308032
202198365411348481
202198360466264064
202198346117558272
202198329432604672
202198317621448706
202198296301813760
202198274306879489
202198245563301889
202198230866472960
202198207739076608
202198204756930561
202198191402270720
202198149555691521
202198122796032000
202198109906939905
202198081968685056
202198056953839617
202198041481052160
202198030244511745
202198000217489409
202197996513931265
202197987387129856
202197981062103041
202197960904294400
202197946077429761
202197942344491008
202197936673787904
202197907070398464
202197880902127617
202197855975383040
202197823314337792
202197806373548034
202197778938605568
202197770277355520
202197744222339073
202197738459373568
202197732738347009
202197729340964868
202197720809734144
202197671623139330
202197649976328194
202197611187412993
202197580715794432
202197545043238912
202197518359085056
202197467188576256
202197452655300608
202197450373595138
202197422758301697
202197397768634369
202197389908520960
202197369494835200
202197368609845250
202197349387341827
202197335973965824
202197333704843264
202197318563401729
202197315266691072
202197291916988418
202197289064869888
202197268718288896
202197253073534976
202197242805891072
202197228666888194
202197222530621441
202197220831924224
202197218768322562
202197213672251392
202197187248128000
202197183099973632
202197170617720832
202197165123182593
202197161788710914
202197148350152705
202197116939010050
202197108336508928
202197099918540801
202197085662093312
202197084860981249
202197080566013952
202197076493352960
202197058847916034
202197047141609473
202197039705104384
202197032708997120
202197023179554816
202197022860775425
202197022420369408
202197007731920897
202196998194069504
202196940866330624
202196938366521344
202196937334734849
202196937028542465
202196926404378624
202196920385544192
202196902064828416
202196901402128385
202196897996341248
202196897555943426
202196888945033216
202196819898400769
202196817042079746
202196816844963841
202196811434295296
202196789271601152
202196777737261056
202196775631732736
202196763619229696
202196753007640577
202196733604802560
202196710292856832
202196698804649984
202196697227591681
202196692597092353
202196686691504129
202196684195905536
202196676277051394
202196673458475008
202196657419456512
202196646157750272
202196636892536833
202196632383655937
202196609524707328
202196599986851840
202196597474471936
202196591497588736
202196586539913216
202196562795954176
202196559239184384
202196556194119681
202196543737053186
202196515085754369
202196497125752833
202196461868421122
202196458391355392
202196447628754945
202196442851459073
202196426866962432
202196410542735360
202196410446266369
202196410035212288
202196408156176384
202196407636082688
202196405467619328
202196402300928000
202196380486344704
202196365927911424
202196359036682241
202196355609927680
202196354922053633
202196332788723713
202196332566421504
202196330779656192
202196301755060224
202196293576163329
202196282847150080
202196281899233281
202196276064944128
202196263846948864
202196261024169984
202196230284128256
202196224231735296
202196199166574592
202196181764415489
202196175661707265
202196167386337280
202196141092253696
202196095923798016
202196095508561920
202196089212903424
202196064344870914
202196043713085440
202196036683436032
202196008313167872
202195969360674816
202195960401633280
202195953535553537
202195928608804864
202195927077896193
202195912276193280
202195878042275840
202195846354309121
202195811004723200
202195810677563393
202195774665277440
202195759628681216
202195754280955904
202195749189074944
202195735314300928
202195735297536000
202195731426189312
202195724027437056
202195714246324225
202195678087217152
202195675780362240
202195667085570048
202195661809131521
202195653189836801
202195644948037632
202195633237536770
202195594914185216
202195586676563969
202195569328926720
202195551415046145
202195539423535106
202195531060084737
202195522033946625
202195519550922752
202195482372616192
202195482108379136
202195477985374209
202195469525463041
202195465280819200
202195462739079168
202195455466147843
202195425149718528
202195389938532352
202195384708251648
202195382300704768
202195332275240962
202195305477832704
202195304475402241
202195302239838208
202195293217886208
202195289132638208
202195277069815808
205082064222044160
202555296802021380
202555283166343168
202552474308067329
202541332361785345
202539769446678529
202539471521058817
202538721608867842
202538190278627328
202537135109181441
202536298886606849
202535147206213632
202534977001361410
202534746801188864
202532892889452544
202532762299797505
202532284048482304
202529470337392641
202527024017973250
202526511436279808
202526496915587073
202526298302726145
202526235493015553
202525648487583745
202525184291377152
202524974848802816
202523260070535168
202521808329637889
202520706032996352
202520441758285824
202520249483010050
202519990367289344
202518919150436352
202518748891058177
202518625045856259
202518435463299072
202517713170612224
202517217802338305
202517029700378625
202516523007483905
202515688995303424
202509474014044162
202502799328686080
202502531652386816
202501177261297665
202500607997779970
202499644293525504
202488209878421504
202487492811821056
202487237240291328
202487133343199232
202486535273197569
202479444139581440
202475359051059204
202474098071306240
202473950154997761
202471421149061120
202471233667866626
202470710608797697
202466422855704576
202464242065092609
202459688896434176
202459143993438208
202453740429651970
202451954864099328
202451531100991490
202449006436163584
202448814550953984
202448286282547202
202447115430010880
202446164262531072
202445904266006528
202445524098482176
202445062100094977
202444908861194240
202444814137049088
202444458330034177
202444414155636736
202443581099749377
202443437469995010
202443352753442817
202443303193559040
202443097848815617
202442979418447872
202442932920389633
202442788342730753
202442688358924288
202442558767513601
202442355859668992
202442179904405505
202442028133527552
202441762126577665
202441579183607808
202441573005402113
202441441102938114
202441407842099200
202440947475283968
202440299446939649
202440044483579904
202439780414406656
202439052123836416
202438727996416000
202437446032568320
202437344828207104
202437129601691648
202436942254702592
202436885400920065
202436511533236224
202436277969235968
202435995961016320
202435227824562178
202434750575685633
202434290565390337
202433771285381120
202432474389807104
202431939288899584
202431835391799297
202431767813165056
202431612724580352
202431294032977920
202430051143258113
202428663801716736
202426766537670656
202425527695450113
202424156606824448
202424005666422784
202423881968009216
202422190224838656
202421923311919106
202421912058609668
202421874704138240
202421872841859072
202421862578401281
202421858312790016
202421651881721856
202421602472820740
202421351410176001
202421319088873472
202421099630297089
202420788165484544
202420760063639552
202420399022161920
202419239255162880
202419185572249602
202419185559670786
202418993355698176
202418884702244865
202418776816361472
202418382736343041
202418356245114881
202418275395715074
202418251525914626
202418023993319424
202417748448509952
202417685315862528
202417684237910016
202417617019994112
202417583620763651
202417550934548481
202417494445670401
202417419208241152
202417230414221315
202417163460554752
202417109811216384
202417088508329985
202416975299883009
202415368118091776
202414770249408514
202414694198280192
202414002142326784
202413957577850880
202413513682063360
202412858909274112
202412732560048128
202412384193740800
202412368838406145
202412206619500544
202412150923329536
202411968383033344
202411959520464896
202411776514600960
202411757879304193
202411612693475329
202411254839652352
202411193065934848
202411088724230144
202410974815330304
202410724461514752
202409667413016578
202409137848590336
202408801356353537
202408626483232768
202408605339762690
202408522686791683
202408342151380992
202408326103969792
202408286526504960
202408286090301440
202408182109323264
202408145795039232
202408086948937729
202407659645833217
202407619854479360
202407486509166592
202407103506288640
202406777831170048
202406678505865216
202406458145521664
202406046113873920
202405871165259777
202405744119791616
202405384173002752
202405344788480000
202405181357441025
202404988738220037
202404886619488256
202404840410845184
202404745288237056
202404070328238080
202404040242499587
202403692845088768
202403593549123584
202403553032151040
202403504332079105
202402768802156544
202402596600807425
202401190678503425
202400860939108353
202400449461092353
202400445891743744
202400152579866625
202399885687930882
202399356337397760
202399008466010112
202398053750153216
202396434673307649
202395595904794624
202394929752834052
202393999749812225
202393605401358336
202391681348288512
202391433720758272
202391401118437376
202391087615197184
202390744693092352
202390423405203457
202389564399157248
202389465904332800
202389227844026368
202389043923779590
202388923736014849
202388587323457536
202388434172657667
202387652899647489
202387605730500608
202387366684524544
202386915075432448
202386740290387968
202386445154009088
202386055314407424
202385400264794113
202385263580811264
202384837481463808
202384497658961920
202383984695574528
202383837924298752
202383669359427585
202382941857398784
202382151243661312
202379836260495360
202379401004986368
202379286009757697
202378726711894016
202378044088918016
202377651560787968
202377336111382528
202376553244524545
202751652812431360
202751598013841408
202747705108340737
202747469749161985
202747278346301441
202746978461958145
202746774811713536
202746603277258752
202745867164323841
202745817986109440
202745803834540032
202745620342116352
202745582069100544
202745564897624064
202745552964816896
202745289034039296
202745240992493569
202744682407665666
202743223293198336
202741046260666369
202733782938304512
202733246734282752
202733162575564800
202721036771393536
202715636336570368
202691987399385089
202690760141844480
202687699642105858
202687410738438144
202684087448780800
202683841901629440
202679046855868416
202679036026163200
202677560079941632
202677384808370176
202673072703160320
202671491022733312
202671394541146112
202671346562514945
202671250391310336
202656047746400259
202588585206104064
202587159625076736
202585687424376834
202577068909789184
202574989801689089
202572129454145538
202572075007885313
202571710988427264
202571469681733632
202571378828918784
202561990252707840
202560716232863744
202560262161702912
202559900054859776
202926929920278529
202918517002092544
202903965237653504
202903542032371712
202900428504055808
202891598189690881
202890198521102337
202890011841011714
202889664481329152
202889407588610048
202881759514341376
202881391506096128
202873336978612224
202873028156203008
202872756616957953
202872026661265411
202871660058132481
202871347985129473
202871245644115968
202871097308356608
202871014617645056
202870920115789824
202870919583105026
202870868295155714
202870836561063936
202870787546427393
202870459182743552
202870328630841345
202870289254723584
202870202533285888
202870145029373953
202870083406667778
202870071977197568
202870017958748162
202869993048768512
202869951839731712
202869927118520320
202869809090805760
202869786483503104
202869684113113088
202869640983093248
202869528441520130
202869452969230338
202869353446780928
202869337529384961
202869321855287296
202869167093850113
202869162060677120
202869070327066624
202869006112264192
202868916266086400
202868686573420545
202868366699012097
202867913189900290
202867179400609793
202785423318204416
203105331268681728
203105028083421186
203281544851365888
203267082538852353
203250225954045952
203247573954347008
203247444451008512
203246917919064064
203246887162232835
203246721810182144
203246018878382080
203245999249035264
203245948271476736
203245069036306432
203242182017163264
203241675051634688
203241569485201408
203241524383846400
203241015283417088
203240810173562882
203240637414379521
203239625781821441
203238901798801408
203238383328313344
203237989348933632
203237772977385473
203587807913062400
203584836420644865
203583216379101184
203578918572261376
203569667359518720
203569324554846210
203557137425760257
203556975353667585
203553084406894592
203526828542013440
203508493121105920
203477227378188288
203446098789007360
203436362072989696
203429298651144192
203427640890232833
203425770478116865
203425453015433216
203424959735939073
203423786513612801
203419070429790210
203418940205047808
203418851571015680
203418729529356288
203418645123178497
203414362193539073
203639405829832705
203634695722901504
203606072676720640
203603120536825856
203596567171706880
203595614011920385
203955809409970176
203918326571872256
204983828027146240
204980210460921856
204977874225217536
204977621933629443
204977290130620416
204973849467564032
204970953074159616
204970504698871810
204970165354508288
204968668185108482
204967720339509248
204967622582861825
204967552777076738
204967378679898112
204967340109074432
204966907386920960
204966830589231104
204966735412080640
204966709008928768
204966675953614848
204966428137365505
204966404280168449
204966394876538880
204966313737732097
204966202689335297
204965997621420033
204904410676080640
204903731211415552
204722926803628032
204717838953484288
204717072750612480
204683557187231745
204682917287428096
204676045104885760
204673290474749953
204672699451179009
204672421318508544
204672416906096641
204672260596973569
204671438161051648
204669186214080512
204668922006478849
204665531968663552
204586302845353984
204360661734670336
204296742995369985
204296578729656320
204226095644553218
204221113985794049
204221017248378880
207357553531830273
207229603096432640
207229070797312000
207174389316321280
207115436570058752
207109275603058688
206701543976742912
206699686764101633
206324556024119296
206316602088624129
206313378388520960
206307145648586753
206304551773552642
206273773157101568
206187785311367168
206168039773835265
206159219324497920
206157052844847105
206151740750430208
206141819531173889
206138365190475776
206137800620392448
206135887229222914
206135267109769216
206135245190348800
206135232540323840
206134483987075072
206134142755274754
206133829616939008
206133685412564992
206133507167232000
206120080969445376
206113964793401345
206110856642179072
206108659296645121
206107381522898944
206106796778196992
206106146426208256
206106046119424003
206100449902870529
206098202628337665
206096924053483521
206095521511780352
206094822690390016
206094808438157313
206094066096676864
206094009947537408
206093831249207296
206093636029513728
206093584154374144
206093463668785154
206093341480337408
206093294948716544
206093269011140608
206093174047916033
206092925996773376
206092890181607424
206092859466723328
206092740537237504
206092728109506560
206092533451862016
205904884191600640
205442740736114689
205440122156630016
205346095239409664
205336247001030656
205335917941100546
205313746342658048
205313060506845185
205298388189724672
205296303339601920
205293487317450753
205293120479444993
205065813521215488
205065728905326592
205065680545001472
205065253820702720
205065114775322624
205056908342738945
205056886121299968
205056530863751168
205054732862095360
205054070640218112
205041666623672321
205040317861335041
205030983479734274
205030285782433794
205023933144121344
205023419400601600
205021939717251072
205011411523473409
205008543408066560
205007252258701315
205007081953173504
205006781850714112
205004786100207616
205000750391246848
205000284202733568
204996042641514497
