202670675880718336
202670544666112000
202670106684305408
202670021653168129
202669813087215616
202669709265600513
202669643096276994
202669611047596032
202669518328315906
202669036054650880
202668884275372032
202668315280289792
202668236507058177
202668144324653056
202668017753145344
202667675061719040
202667521898328064
202667377610080257
202667359205457920
202667341732003840
202667227567230976
202667083643895808
202667049644867584
202667035942076416
202666902173126656
202666877527400448
202666674892193792
202666007305789443
202665767697784832
202665529914310657
202665351467646976
202665177819262976
202665081283166208
202664149975707648
202663924460560385
202661848951177216
202661594117844992
202661169675247616
202660971041398784
202660964175323136
202660752568496130
202660224195231745
202658808034623488
202654936050311168
202654869721595904
202653903613997056
202652787471949825
202652527286697984
202651909356662784
202651566996586497
202650918620106752
202650190191136768
202650011509600258
202649593387819008
202648841432989696
202647147689156608
202645855222771712
202645827800412160
202645726042394625
202645491585007616
202644670843596800
202643527233056768
202642463205240833
202642459891744769
202641417577836546
202640551017844736
202640273115852800
202639069279301632
202637956673056768
202637920815951872
202637291905228800
202636527593992192
202635735646486529
202635495807791104
202634288334782465
202633956649205760
202632931490021377
202631870016524288
202631420345192449
202631104816103424
202630059507462145
202629841114238977
202628321597599744
202626866325102592
202625751424569344
202624266468995072
202623276500008960
202623266660167680
202622674793537536
202621463147188227
202618505294647298
202616057352036355
202615813042212866
202615232777031680
202615216129847296
202613267129057280
202612449885696000
202611811449708544
202611355541450752
202611228177211394
202610589258878976
202609985170051072
202609913007058946
202608112908247040
202608112891465730
202607824700833792
202607711244918787
202607679288524800
202607193000906752
202606372213374977
202605451488149504
202604892282564608
202604338290507776
202604040109039617
202603488277041152
202602069247541248
202601715466371073
202601568216952832
202600598980403201
202600408282173440
202600350459498497
202600234629599232
202600095118659584
202600038969520128
202599890226909184
202598836546445312
202598832092102656
202598654723362818
202597745855434752
202597180232577025
202596713041625088
202596511538884608
202595887757803520
202595418981404672
202594803110776833
202594479729950720
202593132003606529
202593131177316352
202591120524455939
202590394947604480
202590299707547648
202590211966906368
202590011412062208
202588637450346496
202587219310034944
202586407091453954
202585719036841984
202584770809569281
202583753493708800
202582288461086720
202581876504928256
202581167420084224
202581077976563713
202580849542168576
202578631397097474
202577894147489792
202577697774383104
202576841599500288
202576488896278528
202576267541876736
202671326908006400
202670995079823360
202675217728942080
202675192315654144
202675099441184768
202674949876490242
202674788626472960
202674649828573184
202674644254330880
202674527426195456
202674443292651520
202674277286281216
202674133664940033
202673925736509441
202673894442807296
202673755619721216
202673378476306432
202673321848999936
202673159604928512
202673146120249344
202672946026774528
202672749238431747
202672640547229696
202672211755139072
202672148895109121
202672131983687680
202671739640094720
202671571574325248
202577181463953410
202577160718921729
202577145233539073
202577112199217152
202577101927358466
202577096927744000
202577088849510400
202577074832150528
202577034675879936
202577033107222528
202577000878190593
202577000551034880
202576943693041664
202576937762304000
202576920930549760
202576899514433537
202576886369497088
202576860205424641
202576760901079040
202576707956383744
202576692479397890
202576683994329088
202576680777285633
202576677740621825
202576669859528704
202576611328000003
202576590897545216
202576557699637248
202576500174749696
202576483078782976
202576480268587008
202576452120621056
202576442847002624
202576420873048067
202576393454895104
202576361217470465
202576355982966785
202576299598946305
202576298705551360
202576245337239552
202576216325238784
202576201548693504
202576190190522369
202576174466072578
202576143679893505
202576132640485378
202576072909389824
202576040713924610
202576019163578368
202575983830777856
202575967493951490
202575933964689409
202575900154404866
202575884174114816
202575853266272256
202575778062417920
202575767379517441
202575682847506433
202575660970029058
202575624563458048
202575589201297408
202578642994343937
202578610807255040
202578588166397952
202578563751350272
202578531442630657
202578530628939776
202578484047003648
202578469039771650
202578439541243904
202578437951594497
202578431114887170
202578405747724288
202578362219249664
202578354900185088
202578352731721729
202578350240309248
202578317562478592
202578315284987904
202578206413422592
202578130404245505
202578125324943362
202578112490373122
202578101018959872
202578087043547136
202578077673455616
202577940746215424
202577926816931840
202577880306302976
202577870621650944
202577868310577153
202577813805604864
202577802409672704
202577797456216064
202577746839351296
202577734717804544
202577714304135168
202577666883338240
202577661619486720
202577661225218050
202577623560355840
202577608230178816
202577607898841090
202577592677711873
202577583806758914
202577516903415808
202577461580541955
202577413689970690
202577398024241152
202577278457229313
202577254386110464
202577231065776128
202579703679299585
202579591666216962
202579573328715776
202579429589913600
202579343698952193
202579274799132672
202579237381742593
202579230926716929
202579184659345408
202579110822809601
202579069248876546
202579057039261696
202579055034372098
202579041453219841
202579029566566402
202578960306024448
202578899148865537
202578888449208321
202578886435946498
202578869184770050
202578842223775745
202578682974453760
202580001802043392
202579991861530624
202579958864949248
202579944709173252
202579943924830208
202579943878705152
202579931757150210
202579822399078401
202579804086738944
202579800840355840
202579781714325506
202579757605466112
202579741964902401
202579733358198784
202579719194017793
202741667873304576
202580219134087168
202580179309174784
202580119020240896
202580107813068800
202580100414320641
202580097532821504
202580084308197376
202580031183142912
202652423318290432
202689167635914752
202688429945921536
202686764807225344
202686662852083713
202686472829157376
202685578410590208
202683853645684736
202683848432173056
202682758529691648
202681363252527104
202681162773184512
202680241821458432
202679823636774912
202679660696444930
202676330305822720
202673598740172800
202673415470063616
202670693085757441
202669033047339008
202668711142887424
202666436643143680
202664731180417025
202655342084104192
202650184591736834
202650000474382337
202644033934336000
202635999719849984
202634378910765056
202621054877831169
202620990331691009
202618134136496128
202610750722805763
202595959472005120
202580733624197120
202580722094063618
202580504434839553
202580259504271362
202580230479675393
202580497967230976
202580481622028288
202580368942055424
202580344631853056
202580282744901632
202580265602777088
202581374270586880
202646000110804992
202636917102215169
202629183422218240
202861218099236864
202695546241163264
202670739067908096
202666255973486592
202656059347836928
202640979260489728
202610484413857792
202597639081046016
202683731264274432
202590498957967362
202589203853357059
202679641020973056
202618650614710273
202679734029647872
202655760864382976
202689086295777280
202685799504953344
202685655514492930
202685522693472256
202685084812324865
202684351182405632
202683090718568449
202683003154087936
202682520532287488
202681507209428992
202681453471997952
202678256632213507
202670481634103296
202669548623773696
202667814530715648
202642852159819777
202638749203578880
202625835390341121
202623592414986240
202622522259275777
202614985338269696
202606907461083136
202603696687816704
202597810527420416
202595879738294273
202595228094431232
202584658897154048
202684040451600386
202683893969727488
202682784840556545
202682257054507008
202682226037628928
202681136806236161
202680953238327298
202675810065326080
202673650439172096
202672322270855168
202669878757441536
202667057173626880
202665278918754305
202663071137796097
202661958867103746
202656276545679360
202647252802600960
202636503451582464
202618076456419329
202609525608562690
202604096186892288
202599553680162816
202591116585996288
202590206279434241
202658124736380929
202653024651448320
202652282997837824
202628677966643200
202627850107494402
202580499321987072
202580588648083456
202580711260176385
202580682973790209
202580771452633088
202580815484420096
202843154502791168
202778706744315905
202776279148265473
202775763332771842
202773303381852160
202772271989927938
202772244064243713
202770420846444544
202769006833303553
202764357736726528
202764249016188928
202763121708908544
202759379521519618
202757551425732608
202756801941348352
202755697329455104
202754387045650433
202754211321090048
202754186163650561
202752615409393665
202752472555593729
202752381266563072
202752107537891328
202751996799889408
202751585858760704
202750887276462080
202749600640155648
202749089778122753
202748855572365312
202747478213271552
202746333520592896
202745620342116352
202743431817216001
202742030789640192
202738216745451520
202738157056311296
202738071266004992
202737993507811329
202735999988662272
202735532642541568
202735451491147776
202735313725042690
202735245945081857
202734965773967362
202733782938304512
202733246734282752
202733233274765314
202733162575564800
202732472016973824
202732401514909696
202731954033016833
202731509407416320
202731340385366016
202730545636061184
202730086456229890
202729992583512064
202729357431676928
202728705758474240
202728449331302400
202726910994817025
202726710062485505
202726681088245760
202726285821214721
202726278187581440
202726109039702016
202726075204239361
202725696718651392
202725168144056321
202725113790087170
202724920155836417
202724848202559488
202724153311236097
202723875518296064
202723700812951552
202723054579761152
202722712177745920
202722564248829953
202722165404078080
202721000603914242
202720992823488512
202720739730800640
202720478681513984
202720041383362560
202719995963244544
202719823812247552
202719804212248577
202719704022913025
202719261171519489
202719003372814337
202718951665442817
202718924587020289
202717520996737025
202717404025991168
202717277097967617
202717241232474113
202716450455158784
202716310453489665
202715405154914305
202714986768891904
202714413067808768
202714150856687616
202713486898372609
202713446108758016
202713218970427393
202712874148306945
202712552382283778
202712513459126272
202712305056743425
202712196231331841
202712170662858753
202712130204602368
202711803678035969
202711760862588929
202711453734682625
202711446155567104
202711240273952769
202711061244293120
202710982794027009
202710974111813632
202710801331662849
202710474448576512
202709702407233536
202709661852504064
202709257374810112
202709101296369665
202708724580757504
202708654833680384
202708064846086144
202707887422836736
202707811011018752
202706167036780547
202704971316215809
202704889753780224
202704696195026945
202703610637856769
202703234417176576
202703096542011392
202701708034453505
202701253757775872
202701193208799232
202700970654842880
202700777775562752
202700318704803840
202699758203174912
202699674619088896
202699065752952833
202698346832478208
202698303018770432
202697678134579200
202697532537712640
202697052185047040
202696612651347968
202696524126355456
202696341204385793
202696124220444672
202695381220470784
202695167944310785
202694360708546560
202694329511329792
202694304597155840
202694243435806721
202694224091693056
202694066868207616
202694015819325440
202694013558599680
202693945724112896
202693878162276352
202693814736011264
202693805986676736
202693783815589889
202693396761018368
202693106829754368
202693044766650368
202692950227042304
202692538358964224
202692536987426816
202692182224809986
202691987399385089
202691818549297153
202691668208656384
202691505658400768
202691448120942594
202691112022978561
202691021182746624
202690978866397184
202690925959462912
202690873182527488
202690543967404033
202690309094785024
202688879487234048
202688790400204802
202688650805383168
202688508970811392
202688257358692352
202688238220091392
202688052865400832
202687796396294145
202687543676895232
202687478455468032
202687127773904896
202686743189794816
202686388792078337
202686090413490176
202686044863332352
202685870648721408
202685802717790209
202685723864875008
202685682555170816
202685601030483968
202685303083896832
202685150134407169
202684881464070144
202684807048736768
202684729412165632
202684644896931840
202684496817029121
202684473647702017
202684301609943040
202684210098618370
202684132067774464
202684087448780800
202684013897457665
202683841901629440
202683791846817792
202683752705572864
202683466909888512
202683269446242304
202683260688547840
202683027791417344
202682620914565120
202682607689924608
202682471656067072
202682297894440960
202682164612046848
202682114242654208
202681821392150528
202681636486258688
202681296307224576
202681216787419136
202681058272083970
202680978437709824
202680902269157376
202680594654691328
202680497128751104
202680227619549185
202680030487261184
202679875243487233
202679685153435648
202679561115283457
202679426067070976
202679236950097920
202679176971558913
202679126572802048
202679052094537728
202679046855868416
202678982884331520
202678954740551680
202678907491717120
202678895516975104
202678868920893440
202678810657828864
202678650510917633
202678553798647809
202678234695991298
202678191888932864
202678022585843713
202677970677141504
202677896261795840
202677697535672320
202677613536358400
202677560079941632
202677512273264641
202677510473916416
202677384808370176
202677374221950976
202677367821443072
202677221184385024
202676943550816256
202676809874145280
202676742933053440
202676611953340416
202676576222064640
202676572174565376
202676526267895808
202676441521987584
202676291097460736
202676272822890501
202676209702805504
202676199867158528
202676150072377344
202676071831834624
202676048599588864
202676027351248896
202675962251452416
202675900855238656
202675795389448192
202675577570865152
202675426798211072
202675373509578752
202675307315068928
202675170580770816
202675132286775296
202675104876986368
202675031682187264
202674899838439424
202674827566383106
202674670598754304
202674563052613632
202674514226716674
202674403358670848
202674311016878080
202674075917762560
202674061472579585
202673960310149120
202673916500639744
202673899018788864
202673837538680832
202673779128811521
202673757553311744
202673359912304641
202673298818080768
202673237568659457
202673227682684928
202673160397651968
202673083134386177
202673072703160320
202673009868283904
202672941631156225
202672893073698817
202672861473812480
202672859288584192
202672815672012800
202672805131718656
202672655357321216
202672625842003968
202672569650909184
202672533802192897
202672520539807744
202672482648469505
202672428374167553
202672397139185664
202672369553260545
202672359331741697
202672340146982912
202672332282667008
202672246928588800
202672226057715712
202672198194954240
202672167224217601
202672115902726144
202672089159839744
202672026064920577
202671907882012672
202671857898491906
202671751476420608
202671729003331584
202671722275672064
202671717733249024
202671600523419648
202671590641643520
202671551773016064
202671541903826944
202671491022733312
202671443941658625
202671394541146112
202671346562514945
202671336500363264
202671250391310336
202671129549225984
202671074293465089
202671020358897665
202670943204675585
202670841362788355
202670834521870336
202670751730503680
202670744201723904
202670703600877568
202670643672657920
202670581924110336
202670543625912320
202670537191849984
202670519349280770
202670518799826944
202670498025439232
202670468568846336
202670447899320320
202670434834055168
202670427913453569
202670391544659968
202670347340890113
202670301702651904
202670268638961664
202670263270256641
202670256941056000
202670232777662464
202670209557995520
202670201454608384
202670179476443137
202670142772101122
202670052342894592
202670026380161024
202669949293043713
202669944981299200
202669847014932480
202669777716645889
202669774138900480
202669743549841408
202669733131194368
202669658048970752
202669651958841345
202669591552462849
202669576541061120
202669562720817152
202669501194571777
202669359498407936
202669312031469568
202669057781153792
202669034855079937
202669034775392256
202668915757821952
202668842881777665
202668815513952256
202668803061063680
202668777584865280
202668772866269184
202668733511122945
202668732319932416
202668724312997889
202668723109236736
202668553676132352
202668498852392960
202668483538980864
202668466652712960
202668365079252992
202668346418790400
202668317478096896
202668316400168961
202668307650850816
202668291536338944
202668186699706369
202668130705747968
202668109960716288
202668078843179008
202668058265923584
202668015291088896
202668004503339008
202667935670616066
202667935330865152
202667921770680320
202667919962939392
202667807249399808
202667716820205568
202667670628352000
202667618522505216
202667594178764800
202667586842935296
202667481121308672
202667423164399616
202667368403570688
202667353903869952
202667272484036609
202667268973404161
202667251101470720
202667242859671552
202667231820267520
202667060445196289
202667004170207233
202666936482529280
202666808409456640
202666753711538176
202666728650575872
202666625906913280
202666566289068032
202666489755602944
202666452367581185
202666407664693248
202666326160969728
202666295739686912
202666292560412672
202666248167899136
202666242459451392
202666233773035520
202666217448804352
202666092009750529
202666033184641024
202666018450046977
202665846735245312
202665754754154496
202665726690070529
202665619349454848
202665611975860225
202665602974887938
202665575091159040
202665533609480192
202665526055546880
202665505738326016
202665436830113792
202665380265725952
202665372602740736
202665349810896896
202665333079814144
202665309667201024
202665210140561408
202665175164268544
202665078942728194
202665047762272256
202665044457172992
202664999339048960
202664899002896385
202664847366823936
202664806203916288
202664805050486784
202664743226454016
202664742106578944
202664714310922241
202664684845940736
202664569183813633
202664514997583872
202664489588506624
202664451588108288
202664421036797952
202664416670527488
202664327176667137
202664281207078912
202664265402949632
202664190907916288
202664110054322176
202664093373562882
202664077246464002
202663994744508417
202663954714075136
202663911231733760
202663831355404288
202663792973316096
202663680989605888
202663560596307968
202663557857419264
202663454757228544
202663447333322752
202663377988882433
202663288646008832
202663218676629504
202663203992371201
202663185008959489
202663082869272577
202663069183250432
202662891462205440
202662735274704896
202662704316563456
202662703028899841
202662695294611456
202662688764080128
202662633713836032
202662621101563904
202662576721641474
202662572397305857
202662537886580736
202662437881782272
202662420072767488
202662410346168322
202662388212826112
202662386409287680
202662376443621376
202662352125050880
202662344311062528
202662292041629696
202662248500559872
202662235980570624
202662231886938113
202662228489539584
202662223175352321
202662204242272256
202662187595083776
202662160277573632
202662137439588352
202662040744099840
202661979670847488
202661969881350144
202661965468930048
202661946204487680
202661943658557440
202661864176496641
202661829657378817
202661701945004032
202661603274014721
202661598236643329
202661576103301121
202661563352629248
202661492716347393
202661486068367360
202661387556749312
202661299421843457
202661291876290560
202661275765977089
202661235223830528
202661224180228096
202661213849653248
202661205301657602
202661144106762240
202661104537706496
202661098703437824
202661080797954049
202661066315014144
202660970265444354
202660965702041600
202660867005890560
202660822831476736
202660735636082688
202660698143207426
202660486414741504
202660395113123840
202660337261096960
202660277286739968
202660178997415936
202660175163817986
202660121304764418
202660115252387840
202660063343677441
202660012462575616
202659924633845760
202659890211201024
202659859026550784
202659783885598720
202659746002640897
202659699500392448
202659584157024256
202659545061924864
202659487625125888
202659476032073728
202659474580848640
202659421707452416
202659341621411841
202659220821254145
202659156539346945
202659131537113088
202658942575312896
202658921427644417
202658905845796864
202658880839356416
202658879664951297
202658859020591105
202658826024005632
202658825281617920
202658751629639680
202658739067691008
202658731538911232
202658682746585088
202658610378063872
202658560474222593
202658556170870784
202658489586286592
202658476487487488
202658324414607360
202658290386219010
202658239890984960
202658233222041601
202658232223801344
202658193296474112
202658123482267649
202658093132292096
202658058927747074
202658025419448320
202657980544581633
202657910516482048
202657893512790016
202657804891324416
202657742266187777
202657723526025216
202657703913467904
202657607046021122
202657539190558720
202657505887789056
202657447943475201
202657411247509504
202657407325847552
202657395355287552
202657344570654720
202657308851978240
202657298252967936
202657156942659584
202657111124082688
202657059097935872
202657017809223680
202657000901980160
202656955553169408
202656899282374656
202656871650304000
202656862397677569
202656787533537280
202656718017146880
202656708412178432
202656699667054592
202656665957445632
202656654053998594
202656650442706944
202656622428954624
202656603848179712
202656513058283520
202656394690822144
202656381541683200
202656364378595330
202656353678925824
202656344782807040
202656305477980160
202656281729839104
202656230290890752
202656183268544512
202656180982648834
202656156810883072
202656147759562752
202656071221915649
202656012044468224
202656001428697088
202655991689527296
202655979412787202
202655939122307072
202655898403995648
202655853378150401
202655831798448128
202655766153404416
202655764165296129
202655744997335040
202655620598468609
202655607784865795
202655498229657600
202655456840253440
202655397889314816
202655390800936960
202655344307077120
202655323364933633
202655314376536066
202655242179985409
202655184567021568
202655152090513409
202655116183093249
202655096440496129
202655053197221888
202655045425168384
202655017277194240
202654979838840832
202654954031300608
202654941502914560
202654915863134209
202654863195250690
202654853506404352
202654801052446720
202654729061412864
202654692487069696
202654638443462656
202654584466980864
202654584135630851
202654576007065601
202654567874306048
202654491483451392
202654480234328064
202654380921593856
202654352614232064
202654297119408129
202654296251187201
202654152273297408
202654092361863168
202654069737799680
202654040096649216
202653923255914496
202653765927571456
202653753789259776
202653737565683714
202653723397324800
202653715965030401
202653701222039553
202653689939361792
202653580820353024
202653508191797248
202653504379170816
202653503670329344
202653497173352448
202653480312250368
202653439925293056
202653426583220224
202653424754507776
202653348426551296
202653330802085888
202653289693724672
202653281959419905
202653230122020865
202653145476763648
202653078577614849
202653037548937217
202653004955004929
202652960231141377
202652953746751489
202652930933919744
202652926521516032
202652914639056897
202652722724483072
202652719079636992
202652630001008640
202652617933979649
202652609708965888
202652599768461312
202652582903156736
202652574900420608
202652545045381122
202652522891059200
202652509414752256
202652506575208448
202652474274881536
202652468285423616
202652441785810944
202652439445372928
202652432147296256
202652363566219264
202652276605726720
202652200449744896
202652199984177153
202652166995980290
202652125220716545
202652118522400768
202652114839810049
202652079767027712
202652035785572352
202652000373063680
202651996522692608
202651987874033664
202651917132902401
202651909255991296
202651909054672896
202651895049883648
202651878662737920
202651868265054208
202651841530576896
202651839504711680
202651734378692608
202651686790115328
202651682411253760
202651622898274305
202651617521172481
202651587984900096
202651518304911360
202651377682489344
202651351820402688
202651328793690112
202651184446709760
202651151211040769
202651144500162560
202651137176903680
202651135700512768
202651130675740672
202651095347101697
202651060937048064
202651002984337409
202650970969227264
202650948152197120
202650901691891712
202650800214900736
202650781881610241
202650761912528896
202650747161153536
202650693792833536
202650667163189248
202650539769610240
202650508165525505
202650359745884160
202650276564447232
202650270377840640
202650137175142400
202650133400256512
202650117642256384
202650074470285312
202650030971166720
202650002651234304
202649980702433281
202649921202036737
202649901786599424
202649874490077184
202649841111805952
202649820626829314
202649799995047936
202649728561840128
202649708026527744
202649656868601857
202649637558038530
202649607518420994
202649485531283456
202649430011281408
202649394967871489
202649310389743616
202649290466795520
202649159113777152
202649134530969600
202649072530759680
202648979656282112
202648831622512640
202648825721126912
202648815038234624
202648741575012352
202648686981955584
202648662415912960
202648645617717248
202648557558317056
202648393988837376
202648210722918400
202648102824456192
202648098399469568
202648042770415618
202647725873971200
202647664356098048
202647652519788544
202647518062972928
202647501042499585
202647292128399360
202647195013492736
202647177493876736
202647091573563392
202647065921200128
202647007452598272
202646996610330624
202646978641932288
202646836048183297
202646822613819392
202646760806551552
202646737989545984
202646702266646528
202646646771810304
202646641268883456
202646588890431489
202646520493899777
202646470057398272
202646367196299264
202646361714343936
202646291442962432
202646185503232000
202646147658022912
202646097947140096
202646092557463552
202646027981963264
202645958067093504
202645875019874304
202645813174865920
202645809873944577
202645635827118081
202645633599946753
202645548535263234
202645482667917312
202645472362504192
202645410517491712
202645393585086464
202645351923064832
202645334265036800
202645301943734272
202645298223386624
202645290560389120
202645274970173440
202645259241533441
202645245870084098
202645243760345088
202645142161731584
202645102122905600
202645073811341312
202644987182194688
202644983147274241
202644963496968192
202644932207448064
202644832110391296
202644781086687234
202644768042389504
202644673389539328
202644670604509185
202644655169474560
202644363740856320
202644358950944768
202644290969665537
202644232383635456
202644197612847104
202644122257989632
202644084815437824
202644057414041600
202643969975394304
202643932151152640
202643926983782402
202643916292497408
202643915176812544
202643910193983488
202643887674765313
202643848076333056
202643662537109504
202643592114745344
202643571369717761
202643536443736065
202643300627386369
202643051821273088
202642779418013696
202642730550177792
202642685373325312
202642542905397248
202642439998160896
202642377842753537
202642219784617984
202642151434227713
202642045532250112
202641993732595712
202641865365925888
202641849226231808
202641823494176768
202641740635717632
202641710688374784
202641654115598336
202641577770889216
202641547496407040
202641544837210112
202641398095282176
202641307783532544
202641295410335744
202641292398837762
202641221074698241
202641155471572993
202640943407562752
202640942228971520
202640884674732033
202640837346209792
202640621549256704
202640312248696832
202640288668323840
202639945461014529
202639869409898496
202639724718997505
202639683321208832
202639672160169984
202639306748207105
202639203073396736
202639122299502592
202638918095601664
202638772737810434
202638629108072448
202638482559086592
202638446173499393
202638280003563520
202638206238339072
202638191340175361
202638172449017857
202638024964714497
202637933080084480
202637771888787458
202637690095673344
202637329549115392
202636874286768128
202636793596755968
202636679268405248
202636640211042304
202636621617700864
202636524108517376
202636428344176640
202636425651429377
202636396048035840
202635994506342402
202635967893479424
202635961069342720
202635859575578624
202635745184333825
202635706970030080
202635688385056769
202635683351900160
202635610509418497
202635464107229184
202635333865717760
202635107620761601
202635046610411520
202635039652057088
202635011634102272
202634984782172160
202634975143657472
202634919623667713
202634911507685376
202634819933442048
202634797804294144
202634785758253056
202634681596907521
202634509722722304
202634508074356737
202634495860539392
202634486524018690
202634353128382464
202634351953977344
202634108118106112
202634036408107010
202633995056451584
202633909454913536
202633803607457792
202633651048038401
202633584245354496
202633580822802432
202633260147286017
202633234343927808
202633107491397632
202633032883126272
202633004512841728
202632948145590272
202632853144612864
202632764988731392
202632751122354177
202632676958670848
202632657660690432
202632568342986752
202632552287178753
202632369629446145
202632343083692032
202632221796995073
202632031803408386
202631795127234560
202631732351078400
202631530902859778
202631440335241216
202631378242777088
202631349792808960
202631171933339649
202630969721753601
202630948230135808
202630930521800704
202630901866303488
202630875316359169
202630813710426114
202630763504607232
202630746433781761
202630717862195201
202630679580778497
202630612421591040
202630283114184705
202630233000648704
202630186330636288
202630124259119105
202630017161764864
202629979136200704
202629738714501120
202629679453188096
202629519562125315
202629362988756994
202629312015384576
202629302334922753
202629231144996864
202629062626263041
202628993588006913
202628953796644866
202628946276270080
202628933986955264
202628763467522049
202628739501277184
202628561683755009
202628544575180800
202628353646268416
202628346276876289
202628332758630400
202628262470488065
202628191146352640
202628018760450048
202627951848730627
202627541117313025
202627498842918912
202626872645926912
202626567191531521
202626419870806017
202626392393920512
202626207173443585
202623213505744897
202622997813661696
202622557399166976
202622556577071104
202622286338076673
202621258590994432
202621139611172864
202620851319881729
202619489890742272
202618619732037633
202618390404284418
202617802312531968
202617609827532801
202616557669588992
202615839025926144
202615626274058241
202615469805539328
202615458925518848
202614659688312832
202614024309977088
202613535900041217
202612684364062720
202612596229156864
202612542340730881
202611944367202305
202610280449052672
202610106876170241
202609983974670337
202609961107341312
202609677425573889
202608940566052865
202608275445907456
202606604548456449
202606369872945152
202605577736691712
202604444075036672
202604029392584705
202603895464263681
202603559454380032
202603121489346560
202602962315509762
202602946704310272
202602910872379393
202602546425102337
202602102021816322
202601905132806144
202601713172090881
202601595312152576
202600859434106880
202600728039129088
202600278153891840
202599929145860097
202599858408931328
202599761654710273
202599578103586818
202599337237291008
202599091677577216
202598604697899009
202598256960741377
202598086407766018
202597906790879233
202597740532875264
202597192819671040
202596791919714304
202596755257303041
202596645731450880
202596628878733312
202596509265575937
202596304633864192
202596204738121728
202596187977678848
202596123762884608
202595593556738050
202594591323590657
202594537573593089
202594099621138432
202593958189211649
202593701351014400
202593469611515905
202593389605158912
202593384987246592
202593224794193921
202592748468056064
202592501087993857
202592472243781633
202591638260953089
202591160118681600
202591056968167424
202590871831576576
202590530918563841
202590003388362752
202589965773836289
202589858974273539
202589824417415168
202589797150236674
202589717181628416
202589675515412481
202589650722893824
202589618552573952
202589511069335553
202589502970150912
202589343951503360
202589278675533825
202589178050002945
202589088065392640
202588969697947649
202588910453391360
202588906925998081
202588893068009474
202588875061854208
202588814152187904
202588764437094400
202588695633731586
202588668928606209
202588628310949888
202588590864207873
202588465337077761
202588460454916097
202588450828980225
202588373720899584
202588271732199425
202588269567938561
202588040634449921
202587904776736769
202587902629257217
202587808903340032
202587606968578048
202587413439193089
202587230890496001
202587060031336449
202587047142244352
202586871224737792
202586839423516672
202586811938258944
202586737497735168
202586733416685571
202586662822354945
202586412921520128
202586263453310976
202586250887184384
202586222789525504
202585981185048576
202585928164847616
202585693707436032
202585685843132417
202585414450688001
202585373921120256
202585179754213377
202585168291180544
202585076570128384
202584809720123392
202584723153879040
202584670230163456
202584656216985601
202584561807396864
202584401425604609
202584172492111872
202583931541921795
202583835391688704
202583800247615488
202583780991578112
202583682949726209
202583549361135616
202583451600293889
202583385837813760
202583165771059200
202583030144040960
202582982240907266
202582931934420993
202582697946783744
202582581500329986
202582489309515776
202582484435734529
202582410972508160
202582330295070722
202582283339837442
202582277551689730
202582263127490563
202582251958059008
202582239584849920
202582122874150912
202582118591758336
202582103626489858
202582065076649985
202582016003293184
202581940157693952
202581742966677504
202581722204876803
202581682509975552
202581645902090240
202581588914081792
202581502670802944
202581442599985152
202581393312718848
202581289793101824
202581251402633216
202581240266756096
202581177800998914
202581167931785218
202581111090577408
202581111065423872
202581079440363520
202580919968731136
202580852704673792
202580840327290880
202954896604004352
202942814303158272
202929848656723968
202917281225904129
202901982669836288
202897904107651073
202894530817695744
202894087475560450
202893779303268352
202888692644319234
202883489287241728
202881116309434368
202878181487816704
202872810404720640
202871347985129473
202871014617645056
202869405649092610
202866119399321600
202865828792762368
202862902200385536
202862064040034304
202861881227083776
202861493958615040
202861471854641153
202861165896929280
202861148566069248
202861137958674432
202861014394482688
202860758013456384
202858038988783616
202857205148549120
202855581126639617
202847533351964673
202842225669971968
202839941435236352
202839142223200256
202838577573412864
202838437496229888
202838076718972928
202837398659399680
202836169984192513
202834884291604481
202833056707510272
202829504341749763
202828299796353024
202824160752308224
202823078290538496
202820296141578240
202818203984990208
202814896709185536
202814407137435649
202813478786961409
202808736035766273
202808459794722816
202804793226428416
202804202790068225
202800076316356608
202798541264003074
202795183518130176
202794298511605760
202794091052933120
202781915307180033
202781687237718018
202781635312238593
202779273042464769
203092269757247488
203081761910034432
203070644831789058
203069611531444224
203069024966410241
203053696718876672
203051069838860288
203044516557635584
203043858349699072
203042973259284480
203027052834729985
202964363802443778
203322534966468608
203312745473507329
203260668273623040
203259551108169728
203259231938420736
203259004179320832
203243848640638976
203236142492033025
203233965836992512
203503373884997633
203502116894019584
203493637890375684
203452056315502592
203448080572481536
203448037761220609
203447694964948992
203447535799513088
203414446536798208
203813804985942016
203810217618710530
203808327682097153
203670756410933250
203654501255749632
203644900963659777
203630362671333376
203624434773401600
203624045823008769
203623988067438592
203623821486460928
203623709695684608
203909642961694720
203860795208110080
206216719562317827
206227615365857281
205855455841484800
205796673354612737
205597558612033536
205482284600672256
205480708234428418
205441114570883073
205403972733906944
204889104398295040
204778995999453185
204777545873371136
