203780963191365633
203780961702379520
203780957914927106
203780957289975808
203780955377369088
203780930454822912
203780924435988480
203780892370538497
203780888348213248
203780887970721792
203780873772990465
203780871902347264
203780829753778176
203780828608737280
203780810778742784
203780805904957440
203780757074886656
203780750288486401
203780734039764992
203780707129102337
203780706881650688
203780705233289218
203780688330235904
203780678662369280
203780671603347457
203780626090962945
203780625415684096
203780623394029568
203780621976346624
203780620449624064
203780612866310144
203780592943366144
203780573657968640
203780546566950913
203780533526855680
203780500312178688
203780492972134400
203780491080499200
203780474575925248
203780448105668608
203781476406394880
203781476112793600
203781453165764608
203781385356460032
203781364984713216
203781329056309248
203781311410868224
203781310253236224
203781298186240000
203781271141363712
203781259137265664
203781252866777088
203781245392527362
203781212970557440
203781198621835264
203781192816934912
203781180452110336
203781166086623232
203781106548490240
203781094087196672
203781093877493761
203781077196750848
203781062420201472
203781004199067648
203781842380402688
203781837095579648
203781834050519041
203781818330255360
203781801431412736
203781793168637953
203781781894344704
203781779683942400
203781762004951040
203781757420568576
203781739452186624
203781732787421185
203781728089808896
203781693654581248
203781631629197312
203781624582766592
203781590038478849
203781586238447616
203781580588724224
203781580232212480
203781580106366977
203781576939671553
203781553963282433
203781548049309696
203781526633193472
203781518064226304
203781509973409793
203781501442203648
203781485453516800
203781478369341440
203782016959918080
203781996642697216
203781971158122496
203781960278093825
203781940816510976
203781934512472064
203781923519209472
203781922961375233
203781917701718016
203781914535018496
203781908272922625
203781890510041088
203781880951218177
203781865818177537
203782118403342336
203782111587602432
203782109687582720
203782103744258049
203782086367260672
203782077005570048
203782069569064960
203782061373407232
203782034945081345
203782025256247296
203782022433476608
203782886153912320
203782885730291712
203782832877879296
203782816943718400
203782810270568448
203782807334559746
203782769942343680
203782732977942528
203782683233492992
203782672647069696
203782672164716544
203782653508456448
203782628514594816
203782606557421568
203782592120635392
203782570008256512
203782522738450434
203782508272295936
203782505525026816
203782505491464192
203782451057795073
203782433798238208
203782410469515264
203782369637969921
203782333545988096
203782324268179457
203782309789442049
203782298720673792
203782296078270465
203782295025496064
203782280693555200
203782271336062977
203782221079916545
203782200787865600
203782192290213888
203782166520401920
203782166482653184
203969137150668801
203783460983287808
203783454935105536
203783418167828480
203783339684003841
203783329307312128
203783316741173248
203783290677768192
203783221740191744
203783205965406209
203783179063132161
203783168199892993
203783141633167361
203783109777428480
203783048595128320
203783046229536768
203783011307761665
203782960799952896
203782913328816128
203783628449259520
203783614620639232
203783597923115011
203783580428677122
203783560723832833
203783548304502784
203783543791431681
203783522228514816
203783759932293123
203783755582816256
203783747043205120
203783694362755072
203783645633323009
203783781574901760
203783779129638912
203783782845792258
203783849321308160
203783836881010688
203783823253704704
203783821743759361
203783859026919424
203783967130923009
203783952375361537
203783933463248896
203783917130629120
203784796147679232
203784742624169984
203784725079392256
203784715424104448
203784692938457088
203784676417077248
203784647870652416
203784642665525248
203784630535602176
203784629390548992
203784596066807808
203784564420775938
203784547630981121
203784541566009345
203784502730948608
203784440600723456
203784415397154816
203784410242367489
203784398477328385
203784393695830016
203784382836781058
203784368806830082
203784327862034432
203784319762825216
203784313756585985
203784305133109249
203784297998598144
203784283289169920
203784253819994113
203784245594955776
203784237776777216
203784167186628608
203784148312268800
203784116628492289
203784113075912704
203784073607528448
203784006381211648
203785173991563264
203785148548911104
203785125811589120
203785104483557376
203785091162447872
203785076624990208
203785030047244288
203785021352443905
203784960140771328
203784897398194176
203784885930967042
203784845141344257
203784819862290432
203785313930313728
203785313464750080
203785301771038723
203785252366323712
203785221219430401
203785184531853312
203785179263803392
203785509552664576
203785508021731328
203785489260617728
203785471627759616
203785423749779456
203785691384127490
203785690847260673
203785682869690369
203785663735283713
203785652368719873
203785637449568257
203785616289312768
203785588367835137
203785579048083456
203785566544867330
203785532013154305
203786015536717824
203786001095737344
203785944241930240
203785920196001793
203785895453802496
203785883005108224
203785877737062401
203785852130836480
203785850260172801
203785830614040577
203785801497186304
203785782576676865
203785771856039936
203785744467243008
203785730928021504
203786338934329344
203786337734766592
203786334920376320
203786324065533953
203786289168908288
203786263231340545
203786258189783040
203786227294543872
203786060713570304
203786394827624449
203786392587878400
203786365073231872
203786348266659840
203786661950263297
203786641859543041
203786621437493248
203786564919246850
203786562964692993
203786556266381314
203786489065254912
203786473227550720
203786452956495872
203786431980773377
203786397507792896
203786811942764544
203786790098841600
203786765465681921
203786754937995267
203786746352242688
203786672373116929
203786665448321026
203809830199230464
203786879982772224
203786874261733378
203786866233843712
203786854296858624
203787803337834496
203787758450384896
203787687780556801
203787618381598721
203787587335372802
203787586270011392
203787567123021824
203787543492300801
203787481412403200
203787467369877506
203787429063307264
203787415679270912
203787414840422400
203787408205021184
203787384352030720
203787367230873601
203787347022708736
203787345772810241
203787250776014848
203787234703441921
203787222879707136
203787150259531777
203787143682854912
203787138951684096
203787100821266433
203787096220106752
203787072677486592
203786997653966848
203786992964739074
203786987130458112
203786986685874176
203786933275607040
203786931048423424
203786918578765825
203786916901027840
203788722033004544
203788719998767104
203788690412150784
203788686171701248
203788645591826432
203788626725842944
203788607281053698
203788578340339715
203788534300155904
203788534014935040
203788525374676992
203788492290015232
203788491170127873
203788460438462464
203788411964895232
203788405086224385
203788395103789056
203788369061363712
203788328070426625
203788324744347648
203788281417170944
203788281333288960
203788271732539393
203788260395335680
203788185334071296
203788169626402816
203788069676122112
203788046674567168
203788019902324736
203787984464654336
203787951182848000
203787925111046145
203787919457140736
203787901836865537
203787834795106304
203788764424847361
203788727842119681
203788788906983424
203810280042541057
203790053372215296
203790012242870272
203789993880190976
203789935902330880
203789930818842624
203789922602201088
203789878645886977
203789821783715841
203789790267707394
203789780729864193
203789761540919296
203789734491856896
203789708180979712
203789682721558530
203789678980235264
203789666456059904
203789642456244224
203789599380750336
203789570725249024
203789550806511616
203789536088686592
203789467138527232
203789453075038209
203789422024601600
203789393285218304
203789379154624512
203789291900518400
203789279716048898
203789265627381760
203789236351139840
203789198233321472
203789154927120385
203789153861771264
203789135394242560
203789075201798144
203789020625518594
203788990174863360
203788976157499392
203788945601994752
203788938635255809
203788929571368963
203788918057992193
203788912647340032
203788903159824384
203788883828285440
203788881013915649
203788841784578048
203788825489711105
203788810843201536
203790065783144448
203790154945658880
203790142610219009
203790081683767296
203790080962342912
203790072171077632
203790219399532544
203790214332817410
203790213842083840
203790205147287554
203790177628463105
203790225091207168
203790222549467136
203790285438844928
203790251909578753
203790250508689408
203790232116658177
203790307559616513
203790356217729024
203790398454366208
203790420264747008
203790412509483008
204232274663837696
204232021881520128
203870145171566593
203790456033779712
204648519632560129
204544183850119169
204543642738765824
204543148523913217
204530746671628288
204530447831674880
204530050052268032
204529557934583808
204528908446609408
204528628787195904
204528302491308033
204526966605496321
204526372859809793
204526254987296768
204525276741369857
204524820510154752
204524673894060032
204523876347158529
204523606238171137
204523353833353217
204522756463800320
204520475420930048
203790460186148864
203790459259191296
203790477454090240
203790517409026049
203790486065004544
203790521171324929
203790688586973184
203790688381448192
203790668370415616
203790646769758208
203790606668013568
203790595330818049
203790590192795648
203790588615720960
203790720023277570
203790796028256257
203790765300785152
203790745876963329
204129220094459906
203874781488087040
203874393036820480
203867367325970433
203867307678777344
203838803650162690
203837391352496129
203813889400504321
203811485703614464
203810949679951874
203799232321302530
203794138838208512
203794134660694018
203794119972229120
203794078947749888
203794070986960896
203794068558458880
203794062795485184
203794055061192706
203793973997867009
203793932079996928
203793909539807232
203793844033163264
203793826815549440
203793814387834881
203793763544465409
203793737141321730
203793731411902464
203793730854060032
203793589921255425
203793576394633216
203793566894530560
203793469582479360
203793451827986434
203793443661692928
203793442785071105
203793407422902272
203793304184295424
203793297892851712
203793241294909440
203793230813343744
203793165961011200
203793160722317312
203793060574920705
203793021064585216
203792952441573376
203792890013560833
203792854814957568
203792836733321216
203792784283537408
203792680998813697
203792679191052288
203792674740895744
203792633846439937
203792631069818881
203792615194365952
203792585402228736
203792540883894272
203792532860186627
203792521204219904
203792505521717249
203792479055642624
203792477898022912
203792469157093376
203792450937036800
203792447413817344
203792432343695360
203792414085881856
203792331126734848
203792318430580736
203792316505399297
203792272775585793
203792195088691200
203792187203391488
203792181255880705
203792140680179712
203792136326492160
203792124548878336
203792043032580096
203791986199760897
203791891861475328
203791861800906752
203791814677901313
203791747032170498
203791739784409088
203791706779422720
203791702367027200
203791678077804544
203791675292782592
203791673610870785
203791653956370432
203791622398410753
203791549702733824
203791548910010369
203791547228094464
203791529356181504
203791515192004609
203791513631731713
203791476382109697
203791441577783296
203791433524715520
203791415564701696
203791373437116416
203791359025496064
203791282127114241
203791234819559424
203791219262885888
203791196424908800
203791083094802432
203791081702297600
203791080691474433
203791023959310337
203791004862652417
203790949736914945
203790945857183744
203790917306564608
203790845030318081
203790837472169984
203790832741007363
203790832686465024
203790817486307328
203790798234456065
203790796569329665
203800972634488832
203800940808110082
203800939008765952
203800914388205568
203800908138688512
203800907677315072
203800861380591616
203800835023585281
203800825812889601
203800788194181121
203800686574575616
203800667855388672
203800659949133824
203800646913241089
203800633147531265
203800628403781632
203800597894406144
203800545981509632
203800502734036993
203800474745442306
203800449239875584
203800403178033152
203800385503248384
203800326522929153
203800314111995904
203800300010745856
203800272156368896
203800145614217216
203800076592742400
203800042061053952
203800023350259712
203799843087458304
203799823193870336
203799727496630272
203799717736484865
203799710732005376
203799653832069120
203799569925025792
203799351468892160
203799256807645184
203799179221417984
203799139648143360
203799090469941248
203799069934632960
203799052603756544
203798984282746881
203798965844590592
203798934446018560
203798763620413440
203798668250329088
203798634716868609
203798621504806912
203798562696466433
203798529062354944
203798499156967426
203798454898655232
203798412880117761
203798370094034945
203798345259552768
203798332190113792
203798302892900352
203798294000959488
203798279425765376
203798243015012352
203798212778262528
203798209859039232
203798149087756288
203798142934712320
203798104154177536
203798087431499776
203798058289475585
203797952349736960
203797944070176769
203797891616223232
203797824876457984
203797824419270656
203797806178238464
203797785005404160
203797773705949185
203797702230818816
203797581984317441
203797570500296704
203797524643987457
203797502988795904
203797473918062592
203797464489271296
203797371619000320
203797334109331456
203797217075675136
203797085525524481
203797051627155457
203797020270530560
203796920181850112
203796915417120768
203796894936338433
203796865244856321
203796850057297920
203796839122747392
203796813864644608
203796805547331585
203796783430762496
203796768826212352
203796749205241856
203796703529283584
203796696201822208
203796692544393216
203796643605262337
203796603730006016
203796601947426816
203796582641045504
203796305653411840
203796267082579969
203796220039266304
203796176099749888
203796074698260480
203796066372562944
203796037796773889
203796022445604864
203796014883282944
203795963947651072
203795959954677762
203795905667805184
203795762851758080
203795629284147200
203795528239169536
203795522019016704
203795515387817984
203795479937564672
203795459070889985
203795438590115841
203795438275543042
203795414477062147
203795405010501633
203795401025916928
203795341286445056
203795297153986561
203795287490314240
203795236953137152
203795192082468864
203795155034181633
203795135824265216
203795105562374144
203795078890795009
203795071873712128
203795024796856320
203794991494086656
203794983109664769
203794966554750976
203794941061771264
203794934711595008
203794896132374529
203794874229719041
203794872992411648
203794838179684353
203794834794872832
203794791996211201
203794787038527488
203794783515316224
203794737583493120
203794721137627136
203794699360813057
203794698337402880
203794691144171520
203794589323235330
203794586970238976
203794585317679104
203794543261388801
203794528015097858
203794513943207936
203794463271813120
203794428425543680
203794396322349058
203794373731827714
203794361450905600
203794334150168577
203794309777063936
203794294392369152
203794254236094464
203794248515063808
203794192625975296
203969212794933249
203846698995425280
203846007098843136
203810667726258178
203810646935085056
203810632255021056
203810612365623296
203810503254999041
203810488696569856
203810308651884544
203810146940485632
203810060667858944
203809982389563393
203809979008958464
203809947782352896
203809941591572480
203809908188131329
203809901150089217
203809639123529728
203809363155091456
203809347673927681
203809329344823296
203809258821783553
203809241906163715
203809119214374912
203808997856395265
203808921360678912
203808903732002817
203808826879774720
203808812258443265
203808809364369409
203808779836456961
203808588790116352
203808522918563843
203808444598337537
203808422607597568
203808409282281472
203808144525234176
203808080927002624
203807991663824897
203807983895973888
203807921459560449
203807903377932289
203807868774920192
203807764508721152
203807730996228096
203807620631502848
203807328498225152
203807246541524992
203807221337960448
203807194783809536
203806999966793730
203806965464436737
203806788523524097
203806651285897216
203806634693242880
203806618142519296
203806488689520640
203806462940692481
203806445085536256
203806426655760384
203806420842455040
203806419898732544
203806412671950850
203806396855234562
203806366975016960
203806255733686272
203806228265177089
203806134379888640
203806114729562112
203806105229467648
203806072283213824
203806029748776960
203806001214930944
203806000950685696
203805975461896192
203805929509101568
203805914342494208
203805904397795328
203805787410280448
203805780149927937
203805757110620161
203805707294883840
203805617234771969
203805604605726721
203805397587468288
203805376876003328
203805345406124032
203805294550204416
203805242154946560
203805130901028865
203805072361136128
203805050303283200
203805037808459776
203804957219106816
203804946305515523
203804895147606016
203804853049376768
203804613793681408
203804554821763074
203804548073127936
203804455899107328
203804447061708800
203804330300674049
203804304732200960
203804264517210112
203804250776666112
203804207952830465
203804187115536385
203804177456046081
203804015266508800
203803988473290752
203803974216859648
203803962078535680
203803923436404736
203803894554431490
203803830381584384
203803823926542336
203803762614206464
203803760999411712
203803724047589376
203803656934535168
203803608641310720
203803595030802432
203803575325949952
203803574713589760
203803569357467648
203803526613303296
203803469377835008
203803450893533184
203803421030100993
203803398515077121
203803372694933504
203803232416440320
203803223293837315
203802926181920769
203802878144561152
203802871668539392
203802869810475009
203802727967502336
203802665711452162
203802557167058944
203802419212206080
203802373141970944
203802307144593408
203802272537391104
203802270226333697
203802247803584512
203802246515924992
203802170326392832
203802112172367872
203802100067610624
203802078961876993
203802032426070016
203801951887040512
203801716095848449
203801708122472449
203801694734254080
203801686567960576
203801634520838144
203801607241080832
203801595266342912
203801529382207489
203801519424942080
203801518162444288
203801515964637184
203801487162355712
203801482343088129
203801404765249536
203801398859669504
203801359710027777
203801352323870721
203801303971934208
203801265971535872
203801164796542976
203801145515327488
203801135524491264
203801102498533376
203801086774087681
203801082403618816
203801076607090688
203801038833192962
203801019354845184
203801011582795776
203800992700051456
205220896963690497
203811151245623296
203811107557744640
203811065665032197
203810975806275586
203810974384398336
203810877667950594
203810765264781313
203810721115537408
203810713519669249
203811203951235072
203811167477571584
203850613455462402
203811480888549376
203811476543250432
203811473082945537
203811440841338881
203811389469499393
203811698866528256
203811515952922624
203811493366611969
203811490761936896
203811753400868864
205222056374190081
203811824330735616
203811802050609152
203811789199245312
203813571572928512
203813546583277569
203813392669081600
203813162536022018
203813141866487808
203813113940815873
203813066796830722
203813051034636289
203812999167877120
203812966397779970
203812951440896000
203812885300908032
203812832427520000
203812776886546433
203812714408185857
203812697102483456
203812665045434368
203812656560345089
203812655830540290
203812625044353024
203812602768392193
203812593608040448
203812581750738948
203812470853353472
203812450301263873
203812438896951296
203812325910777856
203812292419256321
203812283422474240
203812137532006401
203811936935227392
203811935211360256
203811895864590336
203811883923423234
203813682566803457
203813593974714368
206106085680091136
203813765223940096
203813736451022848
203813927241515009
203813925387644928
203814320235233280
203813975916421120
203815708310781952
203815675951714304
203815644125343744
203815588127191041
203815510138298368
203815473815621632
203815369633308672
203815190213562368
203815167291686912
203815163617492993
203815087176286209
203815047829520384
203814963951845377
203814957953974272
203814838433099776
203814718178209792
203814484450619393
203814404544933888
203814347082956801
203818590447742976
203818306673713152
203818251803828225
203818246938435585
203818193083576321
203818128793284610
203818086384668672
203817849121288193
203817816472825856
203817813117378561
203817806872068096
203817660822200321
203817637740941313
203817295372500992
203816684509872130
203816668328247296
203816632806686720
203816558466842624
203816414061133824
203816299938316289
203816277582692352
203816230564540416
203816206099169281
203816095650549760
203816027660890112
203815988293140480
203815843010854913
203815834060201984
203818676875567106
203818639563042818
203818524504891392
203818507455053824
203818494914068480
203818469211377664
203818417982156801
203818389494439936
203818372595597312
203818342870560769
206391809050542080
203820154885378048
203819951759441920
203819874999484417
203819777469321217
203819687660892160
203819685656014848
203819673794527232
203819569272459265
203819314107789312
203819230406246400
203819088110288896
203819014428958720
203818878650945536
203818761764085760
203818737642635265
203818702351765504
203818694718136320
203820309126709248
203820270618804225
203820193225506818
203820311496491010
203825115966873602
203825080290119680
203825078868254720
203824777079685120
203824767114035202
203824662872997889
203824517372583938
203824416235323392
203824128971649024
203824059677552640
203823910939136000
203823854508969984
203823766785114112
203823451650265088
203823311547932677
203823302937030657
203823137509482496
203823103351062528
203823038716850177
203822924514328576
203822585262256129
203822574201876480
203822459852558337
203822420497403904
203822418735800320
203822253157269505
203822194999046146
203822022512484352
203821944544571392
203821677996539904
203821372957392897
203821362190618626
203821317710036992
203821265058930689
203821198361116673
203821193017565184
203820860954521601
203820856240111616
203820778532257792
203820639902105601
203820482489892865
203820479419658240
203820456611037184
203820443428327426
203820421626335233
203820342777610240
203820320010936323
203829484477104128
203829470791086081
203829310862274562
203829307305496576
203829240326664192
203829192549339136
203829165932290048
203829128074498050
203829101981732865
203829044419108864
203828994246836225
203828969630482432
203828948537315328
203828923761565696
203828885236887552
203828673210626049
203828554406961155
203828482264932352
203828311036661761
203828144225009664
203827888275988480
203827841337540609
203827663033466883
203827620939448322
203827551230103552
203827450591973376
203827384577818625
203827148824395776
203826917512720385
203826805247983617
203826767469871105
203826707482939392
203826626495135744
203826481779060736
203826397448388609
203826384773189632
203826334638669826
203826314774454272
203826283522691074
203826261657796608
203825967263776768
203825693522542592
203825631631380481
203825380623265792
203825308502204416
203825154181185536
203830409694425088
203830265573933056
203830097994711041
203830090562408448
203829989169307648
203829853395492864
203829752321155072
203829697115729921
203829690606161922
203829576231686144
203832631031365632
203832547057213441
203832544884559874
203831985502826497
203831804594102273
203831793558892544
203831759836680192
203831733517434880
203831629058277377
203831568865820673
203831519016529920
203831501085880320
203831415090057216
203831327382962176
203831317484421121
203831151897477120
203831102320812033
203830761730740224
203830704025505792
203830686006788096
203830564539731968
203830560223793152
203830523485892612
203830487637172224
203834001994162176
203833988853411840
203833781877088257
203833582521819136
203833489760600064
203833405761257473
203833367949611008
203833232238714880
203834156323577856
203834017160769536
203834458112143361
203834531512463360
203834940708749312
203834706444292096
203834592682188800
203835085462581248
203835074519633921
203834975806701568
203835769381593088
203835664872116224
203835654528958465
203835624132837376
203836002350014465
203835834510745600
203836445541138433
203836846415937536
203836841764462592
203836744515325953
203836719651495936
203836459738869761
203837169649975297
203837130416459776
203836969715896320
203836858285826049
203837438978822144
203837353419214848
203837322947596290
203837191485521920
203840312236441600
203840001908285440
203839801902891008
203839343947812865
203839156202373120
203839086350434304
203839064166760448
203838272496087041
203838205651460096
203837934057689090
203837680696565760
203837482821890049
203840375880810496
203840540083621888
203840653858324483
203844272678641667
203844185781055488
203844155653357570
203844055682138112
203844037340446721
203843748059295744
203843726148247552
203843641842733056
203843639108050944
203843616895008769
203843320898797568
203843317249748992
203843170881118209
203843000487514114
203842963992879104
203842886431801344
203842820367331329
203842776113221633
203842562241462274
203842528292765697
203842394276380672
203842272079519744
203842075094036480
203841937839620098
203841926762479616
203841655772684289
203841593013309440
203841583811002370
203841501934010371
203841498503069696
203841486624792578
203841302503235584
203841072290471936
203840926525829121
203840880925360128
203840804823900160
203840738151239680
203840719197179904
203840694551449602
203849673360949248
203849309882564610
203849107037630466
203849074175254528
203848758641954816
203848574029668352
203848515078717440
203848239798169601
203848161784111104
203848062387494912
203847830379565057
203847114835509250
203846154595741696
203846093291786240
203845518957346816
203845490750660610
203845221111443457
203845187716390914
203845140723404800
203845087329910784
203844892944891904
203844881511223296
203844877816041473
203844858362867712
203844712279449600
203844449518895106
203871002902540288
203870879300595712
203870798165983232
203870774757568512
203870763038679040
203870604926005249
203870525330698240
203870478849417219
203870405805621249
203869452440317952
203869233627664386
203868855196585984
203868788112883714
203868045746257920
203867875193274370
203867795635707904
203867543562235908
203867421176627203
203867262900383744
203867190687043584
203867099192504320
203866413553827840
203866273501806593
203866259236990976
203866204794925056
203866136977227776
203865293129392129
203864803264045056
203864185023643648
203864155294408704
203863973131587584
203863632373747712
203863572441341952
203863552807796736
203863213270515712
203862778233098241
203862294545956864
203862266901315584
203862045215555584
203861592989892611
203861400580395008
203861326118916096
203861190416408576
203861171139383296
203860933955698688
203860463602241536
203860422833610752
203860343263473664
203860179270373377
203859839582085120
203859472093941762
203859424622804992
203859011676807169
203858720688582656
203858695350796288
203857756694917122
203857327437254656
203856661641826305
203856590527410176
203856182128017408
203855395196899328
203855056649453568
203855010642137090
203854992824741889
203854537658867713
203854514569216000
203854166689452032
203853876137431040
203853671669313536
203852194376716288
203852064634322945
203851692360470529
203851623188004864
203851595312664577
203851323144290304
203851278688858114
203851204873293824
203851112791556096
203851105422151681
203851080050814976
203850970847920128
203850250543304705
203850227952787456
203850018455683073
203849691673280512
207091181425926146
203889807477313537
203889729572319232
203889696156295171
203889552530735104
203889490882867200
203889431470538752
203888292519878656
203887563419828224
203887070152888320
203886077021401090
203885890047709184
203885827007328256
203885721528958978
203885337699819520
203885289138176002
203885200395083776
203885179784269826
203885080245059585
203885060183699457
203885014813904896
203884668750278656
203884607161118720
203884524466212864
203884266831097857
203882729773858821
203881538767695874
203881238350671874
203880264768823297
203879226355630082
203878636271566848
203878610241720320
203877296040456193
203877005744275457
203876260634562562
203876049505878019
203876036423852033
203875500391792640
203875466665398272
203875374629781505
203875330493120513
203875198485803008
203875088750231554
203874883757809664
203874878292631554
203874772600369154
203874712592457729
203874564944564224
203874562620923905
203874506173980676
203874233179324416
203874189168492546
203874148282404864
203873822640840704
203873623310745600
203873008375439361
203872246417203200
203871512418189312
203908461736624128
203894737663557632
203891102397374465
203890525353410560
203890338920804352
203890173866545153
203889883016732673
203996368795205633
203995565900566528
203993515452137473
203992239897194496
203992158716444674
203990660519436289
203989291154685952
203989154684608512
203988907765940225
203988821929492480
203988769324531713
203988732263665664
203988320634675200
203988047296081920
203987836335173633
203987308570091520
203985168929783809
203984295944138752
203984208794890240
203984133918162948
203983774827020288
203983598787887104
203983590810337281
203983567699722240
203983549248962562
203983487240384512
203983437269446656
203983413634543616
203983350766112768
203982785252311041
203982632298610689
203982600656781313
203982439805227010
203982359442366464
203982318292054017
203982028725698560
203978718287376384
203978403500654592
203978350077816832
203976046289227777
203975995437490176
203975637017432067
203974458875183104
203974454462787586
203972666082869248
203971616722534401
203970907922907136
203970872954982401
203970505395544064
203970214419906560
203969744313921536
203969177541808128
203968523012292609
203968183034589184
203966155696779265
203939333969952768
203927331432173568
203920222908981248
203964396337250304
203964111854374912
203963824209014784
203963769536253952
203963203259080705
203962323017285632
203960763356946432
203952941646880769
203948753672085505
203943607743422464
203943531264479233
203943513740677121
203942997149233153
203942960818176001
203942710330142721
203941401275285505
203941210644168704
203940719113670656
203940682648399876
203939190734471168
203938902338322434
203935435007868928
203934486658945024
203932396318490627
203927672676564992
203927186254733312
203926619553939456
203925688024182785
203925211366699009
203925127811960832
203924945812717568
203924930864226304
203924895124570113
203924850664935424
203924803650977792
203924711372095490
203924559404089344
203924493989724160
203924401232687106
203924328373424129
203924293917224960
203924222089768961
203924130687500288
203923557141585921
203923507267108864
203923460995551232
203923320935153664
203923307727290368
203923296629174274
203920646428831745
203919631130427392
203919540546048000
203919503053160448
203919472682209280
203919352070811649
203918507405099008
203915430170079235
203914974874185728
203914935481270272
203913435895959553
203911000158777344
203910858059939840
203910650374791169
203909918481321985
203909710250917890
203909550175305728
203908792344264704
203908126162956289
203907912370896896
203907037770424320
203906963455754240
203906900746706944
203904326027059201
203903949034631170
203903846769106944
203902604537901059
203902435981398016
203902266460209152
203902245404807168
203901163739947009
203900343820627971
203900140153614337
203899532713533440
203899419521851392
203898035107938305
203896593051684865
203895830820827137
203895719134900224
203895480042786816
203895208822312960
203895147090558978
203894603148050432
203894388131237888
203894286255800320
203894197370097665
203894146954563584
203893079378366464
203892588384759808
203891845284102144
203890910721884161
205211386782035971
207105615816957953
207105321313894400
207105144633032706
207104738796384259
207104530700173312
207104353474060288
207104016814047232
207103580707098624
207102542910464001
207102389193408512
207102058002784257
207102010561007616
207101916348551168
207100928132784130
207100907761049600
207100867747397633
207100787720065024
207100568714485760
207100430734471169
207100422773686272
207100393623273474
207100325264494593
207100182825926656
207099986763190275
207099956446760961
207099951426179072
207099925320830976
207099411304693762
207099309123055616
207098899037552640
207098461131243521
207097216668663809
207096840615759872
207096451497590784
207094687155232770
207093311549341697
207093155621904387
207092907872763904
207092077861928960
207091636516294657
207091435810467842
207090026251698177
207089638718967811
207089353523068928
207089265534976000
207088859530534912
207088827775467520
207088816627003392
207088570643652608
207088453811318785
207088432252592129
207088288408944640
207088276954288129
207088165104779264
207088034687098880
207087934422265857
207087853837099008
207087778670985216
207087680817856513
207087498558578690
207087430539546624
207087087651008514
207086986442444800
207086951872995328
207086945120161792
207086786399322112
207086766929350656
207086758964371456
207086630455087105
207086425676582912
207086387491643392
207086308508696576
207086254595129344
207086187838570496
207086126677233664
207086113070923777
207086101393981441
207086075003404288
207086074743369731
207086036696842241
207086031781105664
207086018803924992
207085971894829056
207085888101023746
207085867381166080
207085839333863425
207085696362610690
207085656051159043
207085623717273600
207085442930196480
207085316304158720
207085200230977536
207085174297608193
207085143192633344
207085092244422659
207085080353570816
207085016356888577
207084961193398272
207084942700707840
207084895896477696
207084861670957058
207084768439975937
207084750287011840
207084681936637952
207084613456248832
207084551070171136
207084496288366592
207084414285529089
207084295951630336
207084270827737089
207083962135351296
207083881042673664
207083808565100544
207083641136889859
207083577437986816
207083577396051970
207083577320550400
207083530939940864
207083408340434944
207082788103532544
207082657014759424
207080517714186241
207078297849430017
207076598741086208
207075783477432320
207075610655338496
207074263256150016
207073985073123329
207072885150461952
207071770505777153
207071629770100736
207071486433955840
207071183370330112
207071139053309952
207071128546574336
207070890746331137
207070879476232192
207070829148782593
207070780725538816
207070676878753792
207070600110419968
207070576123195392
207070519571390464
207070475111772160
207070330324402176
207069216912846848
207069096502767616
207064204241416193
207062117117984768
207061901165854720
207061875580604416
207061566057742336
207061356820709376
207060472757878785
207060465157799936
207060095408934913
207060044859187201
207059868052500480
207059753292148736
207059572744138754
207058966495236096
207058764321406976
207058506912763904
207057842295939073
207057476460359680
207057288228376576
207056832332705792
207056619324981248
207055407087235072
207052965121507328
207052717338800128
207051603759480833
207051104867991553
207051058017599488
207050625492590593
207050357015199744
207050123841241088
207049924091711488
207049854587908096
207049849441484800
207049738040770560
207049734148456449
207049670646706176
207049562039402496
207047105922076673
207046390419947520
207036558761660416
206967042664972288
206965801918541824
206878951157669888
206869892501225472
206867503106883585
206866396196507649
206866098572902401
206864508965232640
206863173431734272
206862321891540992
206850951661891584
206850305311260672
206847536470818818
206846597781401600
206845647360499712
206845236729753600
206835878277033984
206835811419832322
206834851784032258
206834699912482817
206834196465987584
206789526918672384
206773346002677760
206752826888699904
206743578716811266
206738892672614402
206737579377295360
206737119991959553
206737009283301376
206736236562481152
206726428824313857
206701550867972096
206698912575270912
206690105732243456
206684310785376256
206682183128190976
206680702937346049
206670195979329536
206666036840374273
206665391831916544
206655154890608642
206654754225524736
206650913295839232
206637639691026432
206592163163803649
206576187886141440
206570660913352706
206550452748300288
206536950881058817
206533572650217472
206529328111038467
206527483993010180
206524047129980928
206520201964040192
206519906232057856
206516308873977856
206516146546020352
206513238941249537
206511814538838017
206511469523779584
206510517995573248
206506643087831042
206504016824373249
206503657494159360
206503554901491712
206503262826934273
206503208070287360
206503157843492864
206503101878906882
206503025647435776
206502646813704192
206501185014861826
206500374599827456
206497049993154560
206495135066882048
206493440610021376
206491363620040704
206490926401601538
206490760802074627
206486405952700417
206486281339940865
206485838694072323
206485415459430402
206484895692898304
206484687382773761
206479163333410816
206478169442758656
206477851485159428
206473890116026370
206471197427376128
206470906216853506
206469907653722112
206469790603284482
206469250565685248
206469169468809216
206468756266946560
206467353523920897
206467126444310528
206466325139292160
206465756953722880
206465731460730880
206465261384105984
206464760626151425
206464680166825986
206464629856141312
206464237499981826
206463518805999616
206463312790159360
206462006532907008
206461715062325249
206461430327808001
206461264497610753
206461220386127872
206460196858494977
206460163920633856
206459931698790401
206459719580258304
206459458656796672
206459455297163264
206459266268278784
206458232342970368
206458030911524864
206457915471691777
206457911176728578
206457754498510848
206457498868256769
206457329942663168
206457328495640577
206456857240412160
206456599424933888
206456386786299905
206456283195375616
206456173543690240
206456170414735360
206456103427518464
206454915629981698
206454592995733504
206454439391924224
206454391115493376
206454157417250817
206454127532847104
206454027121197056
206453937736388608
206453914877440000
206453859751702528
206453757381320705
206453728222511107
206453580876623872
206453319391121408
206453314009829376
206452963500240896
206452825801240576
206452818675113984
206452816024317952
206452594376310784
206452573346082817
206452447487602688
206452391464271873
206452390000472066
206452334958620673
206452311428562945
206452138149285889
206452026622738434
206451924554358784
206451907743588353
206451891293536257
206451731289214976
206451653086420992
206451652536975361
206451583381286912
206451530029740032
206451457740906496
206451394021040128
206451391789674497
206451310655045633
206451284998488066
206451273959096321
206451166710726656
206451149501509632
206451127384932354
206451041049382912
206449121828155392
206435974492864512
206422365729591297
206410815719473153
206408592012754947
206407726488764419
206407684935786497
206407130327166976
206406827498409985
206405080637898754
206403744001298433
206399796892803072
206398685003788288
206397571961335809
206395731924353024
206395533215010816
206395315933282304
206394763455365123
206394259371327489
206394198516183040
206394165213405185
206393999450316800
206392666802495490
206391286754848768
206388688224124928
206388439577407489
206387920255459330
206386677680324608
206386525062184960
206384629257732097
206383204251348994
206381031274717186
206379033729048576
206376507294236672
206376152514822146
206375293009670144
206375227414941696
206374690690838529
206373296202199042
206372607208071172
206372045750153216
206369940872232960
206369463396864000
206369058747195394
206368062331559938
206367941728534528
206367443944353794
206367093225037825
206366768850149376
206366591825346560
206365859365662720
206365817305174018
206365673826430976
206365284213325824
206364066745290752
206364015344107520
206363896104230912
206363836490596352
206363813740675072
206361320839331841
206359360354525184
206358369429237760
206354429539131392
206353075529719808
206351042315698177
206350571538620416
206350036353810432
206349985757929473
206349974605266945
206349748427440128
206349683533164544
206349514955702273
206349329093509120
206349066345517058
206349027762122752
206348733246472192
206348646428581888
206348555932274688
206348319331598336
206344499507638273
206342691305431040
206322678959837185
206317985386856448
206316024948199424
206273570710618112
206272851593011200
206152813787623424
206118276416290816
206111368737341441
206103963085447168
206100031483285504
206099972754653185
206099916085399552
206099871869046784
206099757536522241
206099629991919618
206099438362574849
206099207227047936
206095962156957696
206095911787560960
206095865578917888
206095818837602304
206095779604082689
206095736415338497
206095709097828352
206095654831915008
206095346118565888
206094378178068480
206092961342177280
206092686132920322
206092494570668032
206092409464041472
206092276915638272
206092178064293889
206092115032276992
206092051182387200
206092002230669312
206090681947668480
206090142400774144
206089979464658946
206089724706824193
206089125256904705
206022314083614720
206021810033147906
206013525959778304
205962189058744321
205909849995882496
205796018720215040
205790028297805824
205776472441491460
205771582411509760
205765492206616576
205763032159236097
205760941776830464
205760517489442817
205759958262882304
205729523415793664
205714311530811392
205691998936633344
205691811774201857
205688213279477760
205686854425657348
205686069960773632
205682091772477441
205675601980424193
205675056389566465
205674648053096450
205670485298651137
205661093501218816
205660622761902080
205577042991915008
205573707605872640
205573276087496705
205571736329125888
205570912714637314
205570733957595136
205570254347313153
205569303741857792
205568151235211265
205567859580084225
205556198198620161
205555072774578176
205554475971248129
205550881805058048
205540820936441856
205540800073965568
205540276591267840
205540043341840386
205539772318482432
205447413614383105
205427389939990528
205415883479322625
205414474327400448
205413625177968640
205410093687259137
205408785429303297
205407031836934145
205401919152336896
205398898754326529
205396719272345602
205396707356311553
205378672964804608
205377916882788352
205374755078025217
205374426282340352
205371965958135808
205365821898371072
205365644919701505
205364977102635009
205355029530542080
205349325331640320
205347012269453313
205346685436690432
205346276345253888
205345778347147264
205345309310713856
205339070673596416
205332465441718272
205329710429904896
205326294488068096
205325838852435970
205325773463240705
205325034615619584
205323906150703105
205323804266864642
205323111980220416
205319455465676800
205317346053730305
205314635224723456
205313923858186240
205313094535221249
205308688955752449
205308160855113728
205307643718418432
205306202597490688
205306130895876099
205306105407078400
205306049790607362
205305925144289280
205304554932281344
205300896920375296
205299067494989824
205298941724590081
205298152478220288
205297440000196609
205296297148821504
205294583930826753
205294271899770883
205294080379465728
205293457353347072
205290503758028800
205289891335110656
205287240409169921
205286958707118080
205286777295077376
205285319795412992
205284442208616449
205280675660705794
205278683559231489
205278526767767553
205278408765218817
205278137901260801
205275625920008192
205275272319217664
205275008900149248
205273948781420544
205272514207821824
205272342916632577
205271304927064064
205270181260439553
205268853301854209
205268648573677569
205268299083296769
205267115324882944
205266963713376256
205266800055824384
205265943973203968
205265900599910400
205265579844702208
205265358620344322
205265275497623553
205265147839787008
205265115820466176
205265110074265600
205264915034935296
205264827134910465
205264582489554944
205264235956150273
205264211390119936
205264173595242497
205264159535923200
205264094855569410
205264031790022656
205264020733833217
205264011867078656
205263952450564096
205263697206185984
205262534721286144
205261877117321216
205260430417993728
205260407923945472
205260219796819969
205259634649481216
205259318671581184
205257405204938752
205256098847002626
205255437627568128
205255257746456576
205255145657860096
205254463068454912
205253465608433664
205252749602988032
205252540445630465
205251657884381184
205249143743057920
205248856097689603
205248608394674176
205248402991235073
205247300828794881
205246895537405952
205245569285885952
205245363085512704
205244916291481600
205244850348638209
205244817222012928
205244813099008000
205244481413459968
205244402640240641
205244259404742656
205244067968335874
205244033172385792
205243925643014145
205243859108757504
205243766217519106
205243727831244800
205243449778241536
205243448574492672
205243088095035392
205243073272352768
205242932356333568
205242847874658304
205242646833266690
205242637345751040
205241915321483264
205241560634363904
205241240529272833
205240705591943168
205240355292065792
205239947773480960
205239470868529152
205238987013636096
205238354495803392
205237487981953024
205237175405649920
205236991611256833
205236833355960321
205236254193893377
205236167304679424
205236029152702464
205235983661268992
205235419720327168
205235133782032385
205234975602245632
205234912800935936
205234839148953601
205234249836675073
205233951667793920
205233949469974528
205233646922235904
205233448204505088
205233096059138048
205233056255180800
205232959459037184
205232942849605632
205232913271361537
205232692323819521
205232628478128128
205232603379417089
205232483858513920
205232441009516545
205232303604117504
205232109437198336
205231988397973505
205231795787153408
205231655890333696
205231614324776960
205231581219139584
205231571983273984
205231518841438208
205231428819095553
205231410603237376
205231287869505536
205231275173359616
205231248904421376
205231167023235072
205230979160354816
205230953059188736
205230931353677824
205230929214586880
205230856489545728
205230792333471745
205230634342420480
205230606966194176
205230576121298944
205230566684102656
205230534970970112
205230532429221888
205230272030060544
205230152337207296
205230038986141696
205230001317085186
205229913966510081
205229733766643712
205229657778429952
205229506120777730
205229391851159552
205229376160280578
205229267972407298
205229230940889089
205229164264046592
205228877805654016
205228612473982976
205228557792854017
205228498795773953
205228204884111360
205228083727441920
205227952722554881
205227807406686208
205227525595598848
205227492972298241
205227477860237313
205227396658511872
205227356510621697
205227141363793920
205227097189384194
205227071880962048
205226964016054272
205226675473092609
205226663473192960
205226574990163969
205226417062035459
205226357595181056
205226328570605568
205226304071680000
205226271133806592
205226065688408064
205225959161475072
205225817603706880
205225809298997248
205225773764845568
205225490385076224
205225424639373312
205225207160520705
205225086578470912
205225082711318528
205225067355979776
205224970928922624
205224956966084608
205224953321238529
205224928801341441
205224825613062144
205224772966162433
205224771301027840
205224698034913281
205224683954642945
205224663385772033
205224652929368064
205224633904017408
205224622189318144
205224605449846784
205224513422635008
205224423106674688
205224420577513472
205224324335017984
205224281079160832
205224230546178048
205224169091248128
205224164674633728
205224076581683200
205223978485301248
205223847543324672
205223708602793984
205223658564747264
205223548824993792
205223537856880640
205223427655737344
205223305760878592
205223188978868224
205223084167409664
205222994161827841
205222963857997824
205222889820135426
205222869045755905
205222863274381312
205222776775254016
205222734152728576
205222724661035008
205222721922142210
205222561162862592
205222522151636992
205222478296006656
205222385467654144
205222351598649347
205222342442496001
205222239568797696
205222191539818496
205222187899170816
205222177585373184
205221939076284416
205221902673903617
205221851960578048
205221585647435776
205221452868362240
205221449743601664
205221438125391872
205221429623537664
205221414125572097
205221393024032768
205221253479542784
205221183933779969
205221130137645056
205221120377491456
205221101469564928
205221091155787776
205221064194797568
205221058461171712
205220877716037632
205220808082210818
205220778571087873
205220744085508096
205220663106076673
205220601223319552
205220566171516928
205220470696591360
205220399183695872
205220143725420544
205219990012571648
205219682024828928
205219443452809217
205219428336549888
205219426310688768
205219388444520448
205219099251445760
205219039671361536
205218891016830977
205218773500829696
205218593019936768
205218459934670848
205218391047421953
205218379299176449
205218331794472960
205218300060381184
205218297774489600
205218268259168256
205218185090301952
205218016215040000
205217941141204993
205217910510198784
205217857267707904
205217799486976000
205217798711021568
205217768738521089
205217712207704064
205217584491134977
205217552329224193
205217498424033280
205217367893094400
205217178990034944
205217075441049600
205216990753857536
205216987251605504
205216874596794368
205216825884151808
205216776252956672
205216721563426816
205216716622528513
205216514914271232
205216485881286656
205216307510120448
205216280725291008
205216248122970112
205216059307991040
205215576082227200
205215535695269888
205215356522987520
205215337929637888
205215219616710656
205214954117275648
205214916800557056
205214833522651136
205214773888036864
205214679092572160
205214647261986816
205214513803444224
205214365631266816
205214351353839619
205214307498201088
205214201931767808
205214188715507713
205214178582073344
205214158029983744
205214128388833280
205214089159516160
205214014379274240
205213991469973504
205213982930378752
205213921513189377
205213703384207360
205213638557044737
205213589135568896
205213499096449024
205213444306243584
205213380938706944
205213272507547648
205213264991371264
205213099727396865
205213067691307010
205212961655103489
205212912300728320
205212906483232768
205212797733318656
205212763453272064
205212709782953984
205212612336689152
205212465741570049
205212462843301888
205212448645591041
205212403699421184
205212361731211264
205212228109086720
205212176376541184
205212121124978689
205211953419911168
205211861816315904
205211757797580801
205211741855023104
205211736830263297
205211681578692608
205211524074176512
205211507884167169
205211295874695168
205211047026626563
205210601704792066
205209735547453442
205209381741150208
205208786439389185
205206393114992640
205181836748529665
205181486675132416
205180757256318977
205165256950026240
205055690761437185
205049537407090688
205047322340634625
205045371288821760
205042880539136002
205042413650194432
205040124122234880
205039809079681025
205039268001890305
204979342252576769
204978658417455105
204943772205854720
204910716455620608
204904098032652290
204891131983577088
204865745929240577
204865582670151680
204859321471868928
204831143638478849
204744144437002240
204700537516597251
204693298634440704
204693298634436608
204687364948365312
204662457883566080
204658523475415040
204646446337757186
204644846441463808
204640540661264384
204640378601750528
204637696042340352
204636552029147136
204633790054801408
204633699759820801
204625650517155840
204592000098516992
204571983852212225
204549119941935105
204543763144654849
204534392851402752
204529543057391617
204528949215232000
204528689877229568
204526973484154881
204525230385930240
204507831372746752
204507561628676096
204500639731036160
204496371355631617
204490427460628480
204490292517273601
204489479367557120
204487869308473344
204487807350210560
204487230348197888
204486143109107712
204485508766777345
204485432732430336
204485150413815808
204484664801501185
204483603705495552
204482987860049921
204480960903909376
204476664695099393
204447852997525504
204356224962134017
204354963554578432
204337928116248577
204337546212290560
204337422983626755
204336506922471425
204333377963311105
204330914329796608
204329236482363392
204326882580250624
204326664837136385
204326474206023681
204326331691974657
204325326753513472
204324835009105920
204324326273597443
204323921011539968
204323507797110784
204323175767613442
204322688578224129
204321907754008576
204321827047211009
204320764772614144
204319939081940992
204316320630710273
204315434722398208
204315325284626432
204315187484958720
204315088700706817
204314866226434049
204314815198527488
204314768755011584
204314690506076160
204314653923356672
204314507584081920
204314443574812672
204313097761079297
204311420236607489
204311368592134144
204310609804795905
204310588577419265
204310281562767360
204310257688784896
204310201824849921
204310097315373056
204309481113395201
204306018535096321
204305248188252160
204305062770655232
204304253546803200
204304235762950144
204303805226041344
204303695465283584
204303119310524417
204302880231010304
204302448666480641
204302411278458880
204302357788499968
204302210476163073
204302139642748929
204302137289744384
204302090191908864
204302078800183296
204301890664677378
204301791339360256
204301767897387009
204301676956499968
204301494693007360
204300088493883393
204299430483075073
204293550949670913
204288541470097409
204283028913135616
204280362782834688
204280149737349120
204279071285325824
204278697673490433
204278108340232194
204268143751864322
204267658626072576
204265404024094720
204262243955777536
204257407038267392
204256462862684160
204256154535198720
204253639810879488
204253612740841475
204251014428241921
204250627528851456
204250438562885634
204249192250617856
204249093323763713
204245294194499584
204242985670549506
204238500244094976
204237716068634624
204229984640966657
204229074812534785
204228484170657792
204225089351323649
204223349226868736
204219144256765952
204217608243904512
204217105413976065
204214714916544512
204214660000518144
204214462339743745
204207424666734592
204206998777102337
204205218244722689
204204650583429120
204204499257139202
204204330709037058
204203326852702208
204202920839884803
204202788698324992
204202324527292416
204201945462870016
204201345505431552
204200972468236288
204200674588762113
204200419981934593
204199333103542272
204199295799402496
204199065494364162
204196872171159552
204195416718323713
204195243636178944
204192810855956480
204185832251338752
204183695890980866
204181311735345152
204175174445174784
204172696156774400
204166481964056576
204164670783897600
204160745481576449
204158955298103297
204158473074786304
204158220648980480
204155888217505792
204150381771632640
204148699172048896
204146523070672897
204146200813912064
204146099097845760
204146064205422592
204145996001837056
204145869170282496
204145849855524865
204141259739246592
204140960580509697
204140122017501184
204138753076379649
204137098612191232
204136930181513216
204136109016485888
204135351164485632
204134851232792577
204134140323446784
204133515145641984
204133149670776833
204132513956896769
204131940180307968
204131448649822209
204131413530910720
204131166515769344
204131144747335681
204130672451923969
204130353991000066
204130261095555072
204129927375753216
204129801882177537
204129746672558080
204129735591206913
204129692524089348
204129651973554176
204129633480867841
204129594037649408
204129570717302784
204129557811445760
204129504724123648
204129496931123200
204129452454711296
204129426181591040
204128445515567104
204128093122732033
204128060822388736
204128029260263425
204124716586385408
204122764490194944
204118414342627328
204116298429497345
204110855376347136
204102252678483968
204082364341698562
204082302123393024
204081286535589888
204081025398226944
204059433637122049
204050992755515392
204041065416765440
204033486489780224
204031674219106306
204022646390788096
204022642376851456
204022073201393665
204018660707282944
204016896746602497
204010969905643523
204008997840355328
204007674902360064
204006603572260864
204003236695392258
204003213823840256
204001451595403264
204000805903269890
207353436826640386
207327267410542593
207317598617088001
207269654673104896
207253118742822912
207250948538642432
207247787597905920
207244554179575808
207240351512141824
207236834944749568
207236700466982914
207236204251447296
207236059547959296
207235913745571841
207233981077389312
207233837607043072
207233760645758977
207233635353501696
207233551119302657
207233394734669825
207223069838811136
207218951921479680
207210193719795713
207206942236618752
207198413811482624
207183810314514432
207182471249399808
207170763327930369
207160733555896320
207159921471533059
207158871259742208
207156429797326849
207153063557992448
207148700231933952
207141870118256640
207140741837889537
207140175430696960
207133857462489089
207133395568967681
207130828478746625
207129568295923714
207128814436880384
207128783612952576
207128211002372097
207127250087329793
207126862906929152
207126503236964352
207125937278566401
207125927115759616
207124801716891648
207123742390886400
207123201157898241
207122722130628612
207122538717921280
207122323411714048
207121686091399170
207121505170104320
207120851399749633
207120734684848128
207118556670869504
207118045787856898
207116058644058112
207115817987489793
207115682360467457
207115480287285249
207115106314760193
207114808238157824
207113117333860352
207113020646756354
207112921115918336
207112225494794242
207111684706406400
207111660224258048
207111526644064256
207111024745267200
207111000669949954
207110904091906049
207110526680047618
207110420119560194
207109742307459072
207109368813072384
207108754850856960
207108224145555456
207107991114235906
207107965889687553
207107590667251712
207107516000243713
207106861453946881
207106790284988416
207106704519856128
207106670676033536
207106665307316224
207106498134937600
207106390202920960
207106310863466496
207106287496990720
207105994881380352
207105968402743296
207105870637711360
207105661295800320
